-0.5 -0.5 -0.5
-0.5 -0.5 -0.428571428571
-0.5 -0.5 -0.357142857143
-0.5 -0.5 -0.285714285714
-0.5 -0.5 -0.214285714286
-0.5 -0.5 -0.142857142857
-0.5 -0.5 -0.0714285714286
-0.5 -0.5 0.0
-0.5 -0.5 0.0714285714286
-0.5 -0.5 0.142857142857
-0.5 -0.5 0.214285714286
-0.5 -0.5 0.285714285714
-0.5 -0.5 0.357142857143
-0.5 -0.5 0.428571428571
-0.5 -0.5 0.5
-0.5 -0.428571428571 -0.5
-0.5 -0.428571428571 -0.428571428571
-0.5 -0.428571428571 -0.357142857143
-0.5 -0.428571428571 -0.285714285714
-0.5 -0.428571428571 -0.214285714286
-0.5 -0.428571428571 -0.142857142857
-0.5 -0.428571428571 -0.0714285714286
-0.5 -0.428571428571 0.0
-0.5 -0.428571428571 0.0714285714286
-0.5 -0.428571428571 0.142857142857
-0.5 -0.428571428571 0.214285714286
-0.5 -0.428571428571 0.285714285714
-0.5 -0.428571428571 0.357142857143
-0.5 -0.428571428571 0.428571428571
-0.5 -0.428571428571 0.5
-0.5 -0.357142857143 -0.5
-0.5 -0.357142857143 -0.428571428571
-0.5 -0.357142857143 -0.357142857143
-0.5 -0.357142857143 -0.285714285714
-0.5 -0.357142857143 -0.214285714286
-0.5 -0.357142857143 -0.142857142857
-0.5 -0.357142857143 -0.0714285714286
-0.5 -0.357142857143 0.0
-0.5 -0.357142857143 0.0714285714286
-0.5 -0.357142857143 0.142857142857
-0.5 -0.357142857143 0.214285714286
-0.5 -0.357142857143 0.285714285714
-0.5 -0.357142857143 0.357142857143
-0.5 -0.357142857143 0.428571428571
-0.5 -0.357142857143 0.5
-0.5 -0.285714285714 -0.5
-0.5 -0.285714285714 -0.428571428571
-0.5 -0.285714285714 -0.357142857143
-0.5 -0.285714285714 -0.285714285714
-0.5 -0.285714285714 -0.214285714286
-0.5 -0.285714285714 -0.142857142857
-0.5 -0.285714285714 -0.0714285714286
-0.5 -0.285714285714 0.0
-0.5 -0.285714285714 0.0714285714286
-0.5 -0.285714285714 0.142857142857
-0.5 -0.285714285714 0.214285714286
-0.5 -0.285714285714 0.285714285714
-0.5 -0.285714285714 0.357142857143
-0.5 -0.285714285714 0.428571428571
-0.5 -0.285714285714 0.5
-0.5 -0.214285714286 -0.5
-0.5 -0.214285714286 -0.428571428571
-0.5 -0.214285714286 -0.357142857143
-0.5 -0.214285714286 -0.285714285714
-0.5 -0.214285714286 -0.214285714286
-0.5 -0.214285714286 -0.142857142857
-0.5 -0.214285714286 -0.0714285714286
-0.5 -0.214285714286 0.0
-0.5 -0.214285714286 0.0714285714286
-0.5 -0.214285714286 0.142857142857
-0.5 -0.214285714286 0.214285714286
-0.5 -0.214285714286 0.285714285714
-0.5 -0.214285714286 0.357142857143
-0.5 -0.214285714286 0.428571428571
-0.5 -0.214285714286 0.5
-0.5 -0.142857142857 -0.5
-0.5 -0.142857142857 -0.428571428571
-0.5 -0.142857142857 -0.357142857143
-0.5 -0.142857142857 -0.285714285714
-0.5 -0.142857142857 -0.214285714286
-0.5 -0.142857142857 -0.142857142857
-0.5 -0.142857142857 -0.0714285714286
-0.5 -0.142857142857 0.0
-0.5 -0.142857142857 0.0714285714286
-0.5 -0.142857142857 0.142857142857
-0.5 -0.142857142857 0.214285714286
-0.5 -0.142857142857 0.285714285714
-0.5 -0.142857142857 0.357142857143
-0.5 -0.142857142857 0.428571428571
-0.5 -0.142857142857 0.5
-0.5 -0.0714285714286 -0.5
-0.5 -0.0714285714286 -0.428571428571
-0.5 -0.0714285714286 -0.357142857143
-0.5 -0.0714285714286 -0.285714285714
-0.5 -0.0714285714286 -0.214285714286
-0.5 -0.0714285714286 -0.142857142857
-0.5 -0.0714285714286 -0.0714285714286
-0.5 -0.0714285714286 0.0
-0.5 -0.0714285714286 0.0714285714286
-0.5 -0.0714285714286 0.142857142857
-0.5 -0.0714285714286 0.214285714286
-0.5 -0.0714285714286 0.285714285714
-0.5 -0.0714285714286 0.357142857143
-0.5 -0.0714285714286 0.428571428571
-0.5 -0.0714285714286 0.5
-0.5 0.0 -0.5
-0.5 0.0 -0.428571428571
-0.5 0.0 -0.357142857143
-0.5 0.0 -0.285714285714
-0.5 0.0 -0.214285714286
-0.5 0.0 -0.142857142857
-0.5 0.0 -0.0714285714286
-0.5 0.0 0.0
-0.5 0.0 0.0714285714286
-0.5 0.0 0.142857142857
-0.5 0.0 0.214285714286
-0.5 0.0 0.285714285714
-0.5 0.0 0.357142857143
-0.5 0.0 0.428571428571
-0.5 0.0 0.5
-0.5 0.0714285714286 -0.5
-0.5 0.0714285714286 -0.428571428571
-0.5 0.0714285714286 -0.357142857143
-0.5 0.0714285714286 -0.285714285714
-0.5 0.0714285714286 -0.214285714286
-0.5 0.0714285714286 -0.142857142857
-0.5 0.0714285714286 -0.0714285714286
-0.5 0.0714285714286 0.0
-0.5 0.0714285714286 0.0714285714286
-0.5 0.0714285714286 0.142857142857
-0.5 0.0714285714286 0.214285714286
-0.5 0.0714285714286 0.285714285714
-0.5 0.0714285714286 0.357142857143
-0.5 0.0714285714286 0.428571428571
-0.5 0.0714285714286 0.5
-0.5 0.142857142857 -0.5
-0.5 0.142857142857 -0.428571428571
-0.5 0.142857142857 -0.357142857143
-0.5 0.142857142857 -0.285714285714
-0.5 0.142857142857 -0.214285714286
-0.5 0.142857142857 -0.142857142857
-0.5 0.142857142857 -0.0714285714286
-0.5 0.142857142857 0.0
-0.5 0.142857142857 0.0714285714286
-0.5 0.142857142857 0.142857142857
-0.5 0.142857142857 0.214285714286
-0.5 0.142857142857 0.285714285714
-0.5 0.142857142857 0.357142857143
-0.5 0.142857142857 0.428571428571
-0.5 0.142857142857 0.5
-0.5 0.214285714286 -0.5
-0.5 0.214285714286 -0.428571428571
-0.5 0.214285714286 -0.357142857143
-0.5 0.214285714286 -0.285714285714
-0.5 0.214285714286 -0.214285714286
-0.5 0.214285714286 -0.142857142857
-0.5 0.214285714286 -0.0714285714286
-0.5 0.214285714286 0.0
-0.5 0.214285714286 0.0714285714286
-0.5 0.214285714286 0.142857142857
-0.5 0.214285714286 0.214285714286
-0.5 0.214285714286 0.285714285714
-0.5 0.214285714286 0.357142857143
-0.5 0.214285714286 0.428571428571
-0.5 0.214285714286 0.5
-0.5 0.285714285714 -0.5
-0.5 0.285714285714 -0.428571428571
-0.5 0.285714285714 -0.357142857143
-0.5 0.285714285714 -0.285714285714
-0.5 0.285714285714 -0.214285714286
-0.5 0.285714285714 -0.142857142857
-0.5 0.285714285714 -0.0714285714286
-0.5 0.285714285714 0.0
-0.5 0.285714285714 0.0714285714286
-0.5 0.285714285714 0.142857142857
-0.5 0.285714285714 0.214285714286
-0.5 0.285714285714 0.285714285714
-0.5 0.285714285714 0.357142857143
-0.5 0.285714285714 0.428571428571
-0.5 0.285714285714 0.5
-0.5 0.357142857143 -0.5
-0.5 0.357142857143 -0.428571428571
-0.5 0.357142857143 -0.357142857143
-0.5 0.357142857143 -0.285714285714
-0.5 0.357142857143 -0.214285714286
-0.5 0.357142857143 -0.142857142857
-0.5 0.357142857143 -0.0714285714286
-0.5 0.357142857143 0.0
-0.5 0.357142857143 0.0714285714286
-0.5 0.357142857143 0.142857142857
-0.5 0.357142857143 0.214285714286
-0.5 0.357142857143 0.285714285714
-0.5 0.357142857143 0.357142857143
-0.5 0.357142857143 0.428571428571
-0.5 0.357142857143 0.5
-0.5 0.428571428571 -0.5
-0.5 0.428571428571 -0.428571428571
-0.5 0.428571428571 -0.357142857143
-0.5 0.428571428571 -0.285714285714
-0.5 0.428571428571 -0.214285714286
-0.5 0.428571428571 -0.142857142857
-0.5 0.428571428571 -0.0714285714286
-0.5 0.428571428571 0.0
-0.5 0.428571428571 0.0714285714286
-0.5 0.428571428571 0.142857142857
-0.5 0.428571428571 0.214285714286
-0.5 0.428571428571 0.285714285714
-0.5 0.428571428571 0.357142857143
-0.5 0.428571428571 0.428571428571
-0.5 0.428571428571 0.5
-0.5 0.5 -0.5
-0.5 0.5 -0.428571428571
-0.5 0.5 -0.357142857143
-0.5 0.5 -0.285714285714
-0.5 0.5 -0.214285714286
-0.5 0.5 -0.142857142857
-0.5 0.5 -0.0714285714286
-0.5 0.5 0.0
-0.5 0.5 0.0714285714286
-0.5 0.5 0.142857142857
-0.5 0.5 0.214285714286
-0.5 0.5 0.285714285714
-0.5 0.5 0.357142857143
-0.5 0.5 0.428571428571
-0.5 0.5 0.5
-0.4 -0.5 -0.5
-0.4 -0.5 -0.416666666667
-0.4 -0.5 -0.333333333333
-0.4 -0.5 -0.25
-0.4 -0.5 -0.166666666667
-0.4 -0.5 -0.0833333333333
-0.4 -0.5 0.0
-0.4 -0.5 0.0833333333333
-0.4 -0.5 0.166666666667
-0.4 -0.5 0.25
-0.4 -0.5 0.333333333333
-0.4 -0.5 0.416666666667
-0.4 -0.5 0.5
-0.4 -0.416666666667 -0.5
-0.4 -0.416666666667 -0.416666666667
-0.4 -0.416666666667 -0.333333333333
-0.4 -0.416666666667 -0.25
-0.4 -0.416666666667 -0.166666666667
-0.4 -0.416666666667 -0.0833333333333
-0.4 -0.416666666667 0.0
-0.4 -0.416666666667 0.0833333333333
-0.4 -0.416666666667 0.166666666667
-0.4 -0.416666666667 0.25
-0.4 -0.416666666667 0.333333333333
-0.4 -0.416666666667 0.416666666667
-0.4 -0.416666666667 0.5
-0.4 -0.333333333333 -0.5
-0.4 -0.333333333333 -0.416666666667
-0.4 -0.333333333333 -0.333333333333
-0.4 -0.333333333333 -0.25
-0.4 -0.333333333333 -0.166666666667
-0.4 -0.333333333333 -0.0833333333333
-0.4 -0.333333333333 0.0
-0.4 -0.333333333333 0.0833333333333
-0.4 -0.333333333333 0.166666666667
-0.4 -0.333333333333 0.25
-0.4 -0.333333333333 0.333333333333
-0.4 -0.333333333333 0.416666666667
-0.4 -0.333333333333 0.5
-0.4 -0.25 -0.5
-0.4 -0.25 -0.416666666667
-0.4 -0.25 -0.333333333333
-0.4 -0.25 -0.25
-0.4 -0.25 -0.166666666667
-0.4 -0.25 -0.0833333333333
-0.4 -0.25 0.0
-0.4 -0.25 0.0833333333333
-0.4 -0.25 0.166666666667
-0.4 -0.25 0.25
-0.4 -0.25 0.333333333333
-0.4 -0.25 0.416666666667
-0.4 -0.25 0.5
-0.4 -0.166666666667 -0.5
-0.4 -0.166666666667 -0.416666666667
-0.4 -0.166666666667 -0.333333333333
-0.4 -0.166666666667 -0.25
-0.4 -0.166666666667 -0.166666666667
-0.4 -0.166666666667 -0.0833333333333
-0.4 -0.166666666667 0.0
-0.4 -0.166666666667 0.0833333333333
-0.4 -0.166666666667 0.166666666667
-0.4 -0.166666666667 0.25
-0.4 -0.166666666667 0.333333333333
-0.4 -0.166666666667 0.416666666667
-0.4 -0.166666666667 0.5
-0.4 -0.0833333333333 -0.5
-0.4 -0.0833333333333 -0.416666666667
-0.4 -0.0833333333333 -0.333333333333
-0.4 -0.0833333333333 -0.25
-0.4 -0.0833333333333 -0.166666666667
-0.4 -0.0833333333333 -0.0833333333333
-0.4 -0.0833333333333 0.0
-0.4 -0.0833333333333 0.0833333333333
-0.4 -0.0833333333333 0.166666666667
-0.4 -0.0833333333333 0.25
-0.4 -0.0833333333333 0.333333333333
-0.4 -0.0833333333333 0.416666666667
-0.4 -0.0833333333333 0.5
-0.4 0.0 -0.5
-0.4 0.0 -0.416666666667
-0.4 0.0 -0.333333333333
-0.4 0.0 -0.25
-0.4 0.0 -0.166666666667
-0.4 0.0 -0.0833333333333
-0.4 0.0 0.0
-0.4 0.0 0.0833333333333
-0.4 0.0 0.166666666667
-0.4 0.0 0.25
-0.4 0.0 0.333333333333
-0.4 0.0 0.416666666667
-0.4 0.0 0.5
-0.4 0.0833333333333 -0.5
-0.4 0.0833333333333 -0.416666666667
-0.4 0.0833333333333 -0.333333333333
-0.4 0.0833333333333 -0.25
-0.4 0.0833333333333 -0.166666666667
-0.4 0.0833333333333 -0.0833333333333
-0.4 0.0833333333333 0.0
-0.4 0.0833333333333 0.0833333333333
-0.4 0.0833333333333 0.166666666667
-0.4 0.0833333333333 0.25
-0.4 0.0833333333333 0.333333333333
-0.4 0.0833333333333 0.416666666667
-0.4 0.0833333333333 0.5
-0.4 0.166666666667 -0.5
-0.4 0.166666666667 -0.416666666667
-0.4 0.166666666667 -0.333333333333
-0.4 0.166666666667 -0.25
-0.4 0.166666666667 -0.166666666667
-0.4 0.166666666667 -0.0833333333333
-0.4 0.166666666667 0.0
-0.4 0.166666666667 0.0833333333333
-0.4 0.166666666667 0.166666666667
-0.4 0.166666666667 0.25
-0.4 0.166666666667 0.333333333333
-0.4 0.166666666667 0.416666666667
-0.4 0.166666666667 0.5
-0.4 0.25 -0.5
-0.4 0.25 -0.416666666667
-0.4 0.25 -0.333333333333
-0.4 0.25 -0.25
-0.4 0.25 -0.166666666667
-0.4 0.25 -0.0833333333333
-0.4 0.25 0.0
-0.4 0.25 0.0833333333333
-0.4 0.25 0.166666666667
-0.4 0.25 0.25
-0.4 0.25 0.333333333333
-0.4 0.25 0.416666666667
-0.4 0.25 0.5
-0.4 0.333333333333 -0.5
-0.4 0.333333333333 -0.416666666667
-0.4 0.333333333333 -0.333333333333
-0.4 0.333333333333 -0.25
-0.4 0.333333333333 -0.166666666667
-0.4 0.333333333333 -0.0833333333333
-0.4 0.333333333333 0.0
-0.4 0.333333333333 0.0833333333333
-0.4 0.333333333333 0.166666666667
-0.4 0.333333333333 0.25
-0.4 0.333333333333 0.333333333333
-0.4 0.333333333333 0.416666666667
-0.4 0.333333333333 0.5
-0.4 0.416666666667 -0.5
-0.4 0.416666666667 -0.416666666667
-0.4 0.416666666667 -0.333333333333
-0.4 0.416666666667 -0.25
-0.4 0.416666666667 -0.166666666667
-0.4 0.416666666667 -0.0833333333333
-0.4 0.416666666667 0.0
-0.4 0.416666666667 0.0833333333333
-0.4 0.416666666667 0.166666666667
-0.4 0.416666666667 0.25
-0.4 0.416666666667 0.333333333333
-0.4 0.416666666667 0.416666666667
-0.4 0.416666666667 0.5
-0.4 0.5 -0.5
-0.4 0.5 -0.416666666667
-0.4 0.5 -0.333333333333
-0.4 0.5 -0.25
-0.4 0.5 -0.166666666667
-0.4 0.5 -0.0833333333333
-0.4 0.5 0.0
-0.4 0.5 0.0833333333333
-0.4 0.5 0.166666666667
-0.4 0.5 0.25
-0.4 0.5 0.333333333333
-0.4 0.5 0.416666666667
-0.4 0.5 0.5
-0.3 -0.5 -0.5
-0.3 -0.5 -0.4
-0.3 -0.5 -0.3
-0.3 -0.5 -0.2
-0.3 -0.5 -0.1
-0.3 -0.5 0.0
-0.3 -0.5 0.1
-0.3 -0.5 0.2
-0.3 -0.5 0.3
-0.3 -0.5 0.4
-0.3 -0.5 0.5
-0.3 -0.4 -0.5
-0.3 -0.4 -0.4
-0.3 -0.4 -0.3
-0.3 -0.4 -0.2
-0.3 -0.4 -0.1
-0.3 -0.4 0.0
-0.3 -0.4 0.1
-0.3 -0.4 0.2
-0.3 -0.4 0.3
-0.3 -0.4 0.4
-0.3 -0.4 0.5
-0.3 -0.3 -0.5
-0.3 -0.3 -0.4
-0.3 -0.3 -0.3
-0.3 -0.3 -0.2
-0.3 -0.3 -0.1
-0.3 -0.3 0.0
-0.3 -0.3 0.1
-0.3 -0.3 0.2
-0.3 -0.3 0.3
-0.3 -0.3 0.4
-0.3 -0.3 0.5
-0.3 -0.2 -0.5
-0.3 -0.2 -0.4
-0.3 -0.2 -0.3
-0.3 -0.2 -0.2
-0.3 -0.2 -0.1
-0.3 -0.2 0.0
-0.3 -0.2 0.1
-0.3 -0.2 0.2
-0.3 -0.2 0.3
-0.3 -0.2 0.4
-0.3 -0.2 0.5
-0.3 -0.1 -0.5
-0.3 -0.1 -0.4
-0.3 -0.1 -0.3
-0.3 -0.1 -0.2
-0.3 -0.1 -0.1
-0.3 -0.1 0.0
-0.3 -0.1 0.1
-0.3 -0.1 0.2
-0.3 -0.1 0.3
-0.3 -0.1 0.4
-0.3 -0.1 0.5
-0.3 0.0 -0.5
-0.3 0.0 -0.4
-0.3 0.0 -0.3
-0.3 0.0 -0.2
-0.3 0.0 -0.1
-0.3 0.0 0.0
-0.3 0.0 0.1
-0.3 0.0 0.2
-0.3 0.0 0.3
-0.3 0.0 0.4
-0.3 0.0 0.5
-0.3 0.1 -0.5
-0.3 0.1 -0.4
-0.3 0.1 -0.3
-0.3 0.1 -0.2
-0.3 0.1 -0.1
-0.3 0.1 0.0
-0.3 0.1 0.1
-0.3 0.1 0.2
-0.3 0.1 0.3
-0.3 0.1 0.4
-0.3 0.1 0.5
-0.3 0.2 -0.5
-0.3 0.2 -0.4
-0.3 0.2 -0.3
-0.3 0.2 -0.2
-0.3 0.2 -0.1
-0.3 0.2 0.0
-0.3 0.2 0.1
-0.3 0.2 0.2
-0.3 0.2 0.3
-0.3 0.2 0.4
-0.3 0.2 0.5
-0.3 0.3 -0.5
-0.3 0.3 -0.4
-0.3 0.3 -0.3
-0.3 0.3 -0.2
-0.3 0.3 -0.1
-0.3 0.3 0.0
-0.3 0.3 0.1
-0.3 0.3 0.2
-0.3 0.3 0.3
-0.3 0.3 0.4
-0.3 0.3 0.5
-0.3 0.4 -0.5
-0.3 0.4 -0.4
-0.3 0.4 -0.3
-0.3 0.4 -0.2
-0.3 0.4 -0.1
-0.3 0.4 0.0
-0.3 0.4 0.1
-0.3 0.4 0.2
-0.3 0.4 0.3
-0.3 0.4 0.4
-0.3 0.4 0.5
-0.3 0.5 -0.5
-0.3 0.5 -0.4
-0.3 0.5 -0.3
-0.3 0.5 -0.2
-0.3 0.5 -0.1
-0.3 0.5 0.0
-0.3 0.5 0.1
-0.3 0.5 0.2
-0.3 0.5 0.3
-0.3 0.5 0.4
-0.3 0.5 0.5
-0.2 -0.5 -0.5
-0.2 -0.5 -0.375
-0.2 -0.5 -0.25
-0.2 -0.5 -0.125
-0.2 -0.5 0.0
-0.2 -0.5 0.125
-0.2 -0.5 0.25
-0.2 -0.5 0.375
-0.2 -0.5 0.5
-0.2 -0.375 -0.5
-0.2 -0.375 -0.375
-0.2 -0.375 -0.25
-0.2 -0.375 -0.125
-0.2 -0.375 0.0
-0.2 -0.375 0.125
-0.2 -0.375 0.25
-0.2 -0.375 0.375
-0.2 -0.375 0.5
-0.2 -0.25 -0.5
-0.2 -0.25 -0.375
-0.2 -0.25 -0.25
-0.2 -0.25 -0.125
-0.2 -0.25 0.0
-0.2 -0.25 0.125
-0.2 -0.25 0.25
-0.2 -0.25 0.375
-0.2 -0.25 0.5
-0.2 -0.125 -0.5
-0.2 -0.125 -0.375
-0.2 -0.125 -0.25
-0.2 -0.125 -0.125
-0.2 -0.125 0.0
-0.2 -0.125 0.125
-0.2 -0.125 0.25
-0.2 -0.125 0.375
-0.2 -0.125 0.5
-0.2 0.0 -0.5
-0.2 0.0 -0.375
-0.2 0.0 -0.25
-0.2 0.0 -0.125
-0.2 0.0 0.0
-0.2 0.0 0.125
-0.2 0.0 0.25
-0.2 0.0 0.375
-0.2 0.0 0.5
-0.2 0.125 -0.5
-0.2 0.125 -0.375
-0.2 0.125 -0.25
-0.2 0.125 -0.125
-0.2 0.125 0.0
-0.2 0.125 0.125
-0.2 0.125 0.25
-0.2 0.125 0.375
-0.2 0.125 0.5
-0.2 0.25 -0.5
-0.2 0.25 -0.375
-0.2 0.25 -0.25
-0.2 0.25 -0.125
-0.2 0.25 0.0
-0.2 0.25 0.125
-0.2 0.25 0.25
-0.2 0.25 0.375
-0.2 0.25 0.5
-0.2 0.375 -0.5
-0.2 0.375 -0.375
-0.2 0.375 -0.25
-0.2 0.375 -0.125
-0.2 0.375 0.0
-0.2 0.375 0.125
-0.2 0.375 0.25
-0.2 0.375 0.375
-0.2 0.375 0.5
-0.2 0.5 -0.5
-0.2 0.5 -0.375
-0.2 0.5 -0.25
-0.2 0.5 -0.125
-0.2 0.5 0.0
-0.2 0.5 0.125
-0.2 0.5 0.25
-0.2 0.5 0.375
-0.2 0.5 0.5
-0.1 -0.5 -0.5
-0.1 -0.5 -0.333333333333
-0.1 -0.5 -0.166666666667
-0.1 -0.5 0.0
-0.1 -0.5 0.166666666667
-0.1 -0.5 0.333333333333
-0.1 -0.5 0.5
-0.1 -0.333333333333 -0.5
-0.1 -0.333333333333 -0.333333333333
-0.1 -0.333333333333 -0.166666666667
-0.1 -0.333333333333 0.0
-0.1 -0.333333333333 0.166666666667
-0.1 -0.333333333333 0.333333333333
-0.1 -0.333333333333 0.5
-0.1 -0.166666666667 -0.5
-0.1 -0.166666666667 -0.333333333333
-0.1 -0.166666666667 -0.166666666667
-0.1 -0.166666666667 0.0
-0.1 -0.166666666667 0.166666666667
-0.1 -0.166666666667 0.333333333333
-0.1 -0.166666666667 0.5
-0.1 0.0 -0.5
-0.1 0.0 -0.333333333333
-0.1 0.0 -0.166666666667
-0.1 0.0 0.0
-0.1 0.0 0.166666666667
-0.1 0.0 0.333333333333
-0.1 0.0 0.5
-0.1 0.166666666667 -0.5
-0.1 0.166666666667 -0.333333333333
-0.1 0.166666666667 -0.166666666667
-0.1 0.166666666667 0.0
-0.1 0.166666666667 0.166666666667
-0.1 0.166666666667 0.333333333333
-0.1 0.166666666667 0.5
-0.1 0.333333333333 -0.5
-0.1 0.333333333333 -0.333333333333
-0.1 0.333333333333 -0.166666666667
-0.1 0.333333333333 0.0
-0.1 0.333333333333 0.166666666667
-0.1 0.333333333333 0.333333333333
-0.1 0.333333333333 0.5
-0.1 0.5 -0.5
-0.1 0.5 -0.333333333333
-0.1 0.5 -0.166666666667
-0.1 0.5 0.0
-0.1 0.5 0.166666666667
-0.1 0.5 0.333333333333
-0.1 0.5 0.5
0.0 -0.5 -0.5
0.0 -0.5 -0.25
0.0 -0.5 0.0
0.0 -0.5 0.25
0.0 -0.5 0.5
0.0 -0.25 -0.5
0.0 -0.25 -0.25
0.0 -0.25 0.0
0.0 -0.25 0.25
0.0 -0.25 0.5
0.0 0.0 -0.5
0.0 0.0 -0.25
0.0 0.0 0.0
0.0 0.0 0.25
0.0 0.0 0.5
0.0 0.25 -0.5
0.0 0.25 -0.25
0.0 0.25 0.0
0.0 0.25 0.25
0.0 0.25 0.5
0.0 0.5 -0.5
0.0 0.5 -0.25
0.0 0.5 0.0
0.0 0.5 0.25
0.0 0.5 0.5
0.1 -0.5 -0.5
0.1 -0.5 -0.333333333333
0.1 -0.5 -0.166666666667
0.1 -0.5 0.0
0.1 -0.5 0.166666666667
0.1 -0.5 0.333333333333
0.1 -0.5 0.5
0.1 -0.333333333333 -0.5
0.1 -0.333333333333 -0.333333333333
0.1 -0.333333333333 -0.166666666667
0.1 -0.333333333333 0.0
0.1 -0.333333333333 0.166666666667
0.1 -0.333333333333 0.333333333333
0.1 -0.333333333333 0.5
0.1 -0.166666666667 -0.5
0.1 -0.166666666667 -0.333333333333
0.1 -0.166666666667 -0.166666666667
0.1 -0.166666666667 0.0
0.1 -0.166666666667 0.166666666667
0.1 -0.166666666667 0.333333333333
0.1 -0.166666666667 0.5
0.1 0.0 -0.5
0.1 0.0 -0.333333333333
0.1 0.0 -0.166666666667
0.1 0.0 0.0
0.1 0.0 0.166666666667
0.1 0.0 0.333333333333
0.1 0.0 0.5
0.1 0.166666666667 -0.5
0.1 0.166666666667 -0.333333333333
0.1 0.166666666667 -0.166666666667
0.1 0.166666666667 0.0
0.1 0.166666666667 0.166666666667
0.1 0.166666666667 0.333333333333
0.1 0.166666666667 0.5
0.1 0.333333333333 -0.5
0.1 0.333333333333 -0.333333333333
0.1 0.333333333333 -0.166666666667
0.1 0.333333333333 0.0
0.1 0.333333333333 0.166666666667
0.1 0.333333333333 0.333333333333
0.1 0.333333333333 0.5
0.1 0.5 -0.5
0.1 0.5 -0.333333333333
0.1 0.5 -0.166666666667
0.1 0.5 0.0
0.1 0.5 0.166666666667
0.1 0.5 0.333333333333
0.1 0.5 0.5
0.2 -0.5 -0.5
0.2 -0.5 -0.375
0.2 -0.5 -0.25
0.2 -0.5 -0.125
0.2 -0.5 0.0
0.2 -0.5 0.125
0.2 -0.5 0.25
0.2 -0.5 0.375
0.2 -0.5 0.5
0.2 -0.375 -0.5
0.2 -0.375 -0.375
0.2 -0.375 -0.25
0.2 -0.375 -0.125
0.2 -0.375 0.0
0.2 -0.375 0.125
0.2 -0.375 0.25
0.2 -0.375 0.375
0.2 -0.375 0.5
0.2 -0.25 -0.5
0.2 -0.25 -0.375
0.2 -0.25 -0.25
0.2 -0.25 -0.125
0.2 -0.25 0.0
0.2 -0.25 0.125
0.2 -0.25 0.25
0.2 -0.25 0.375
0.2 -0.25 0.5
0.2 -0.125 -0.5
0.2 -0.125 -0.375
0.2 -0.125 -0.25
0.2 -0.125 -0.125
0.2 -0.125 0.0
0.2 -0.125 0.125
0.2 -0.125 0.25
0.2 -0.125 0.375
0.2 -0.125 0.5
0.2 0.0 -0.5
0.2 0.0 -0.375
0.2 0.0 -0.25
0.2 0.0 -0.125
0.2 0.0 0.0
0.2 0.0 0.125
0.2 0.0 0.25
0.2 0.0 0.375
0.2 0.0 0.5
0.2 0.125 -0.5
0.2 0.125 -0.375
0.2 0.125 -0.25
0.2 0.125 -0.125
0.2 0.125 0.0
0.2 0.125 0.125
0.2 0.125 0.25
0.2 0.125 0.375
0.2 0.125 0.5
0.2 0.25 -0.5
0.2 0.25 -0.375
0.2 0.25 -0.25
0.2 0.25 -0.125
0.2 0.25 0.0
0.2 0.25 0.125
0.2 0.25 0.25
0.2 0.25 0.375
0.2 0.25 0.5
0.2 0.375 -0.5
0.2 0.375 -0.375
0.2 0.375 -0.25
0.2 0.375 -0.125
0.2 0.375 0.0
0.2 0.375 0.125
0.2 0.375 0.25
0.2 0.375 0.375
0.2 0.375 0.5
0.2 0.5 -0.5
0.2 0.5 -0.375
0.2 0.5 -0.25
0.2 0.5 -0.125
0.2 0.5 0.0
0.2 0.5 0.125
0.2 0.5 0.25
0.2 0.5 0.375
0.2 0.5 0.5
0.3 -0.5 -0.5
0.3 -0.5 -0.4
0.3 -0.5 -0.3
0.3 -0.5 -0.2
0.3 -0.5 -0.1
0.3 -0.5 0.0
0.3 -0.5 0.1
0.3 -0.5 0.2
0.3 -0.5 0.3
0.3 -0.5 0.4
0.3 -0.5 0.5
0.3 -0.4 -0.5
0.3 -0.4 -0.4
0.3 -0.4 -0.3
0.3 -0.4 -0.2
0.3 -0.4 -0.1
0.3 -0.4 0.0
0.3 -0.4 0.1
0.3 -0.4 0.2
0.3 -0.4 0.3
0.3 -0.4 0.4
0.3 -0.4 0.5
0.3 -0.3 -0.5
0.3 -0.3 -0.4
0.3 -0.3 -0.3
0.3 -0.3 -0.2
0.3 -0.3 -0.1
0.3 -0.3 0.0
0.3 -0.3 0.1
0.3 -0.3 0.2
0.3 -0.3 0.3
0.3 -0.3 0.4
0.3 -0.3 0.5
0.3 -0.2 -0.5
0.3 -0.2 -0.4
0.3 -0.2 -0.3
0.3 -0.2 -0.2
0.3 -0.2 -0.1
0.3 -0.2 0.0
0.3 -0.2 0.1
0.3 -0.2 0.2
0.3 -0.2 0.3
0.3 -0.2 0.4
0.3 -0.2 0.5
0.3 -0.1 -0.5
0.3 -0.1 -0.4
0.3 -0.1 -0.3
0.3 -0.1 -0.2
0.3 -0.1 -0.1
0.3 -0.1 0.0
0.3 -0.1 0.1
0.3 -0.1 0.2
0.3 -0.1 0.3
0.3 -0.1 0.4
0.3 -0.1 0.5
0.3 0.0 -0.5
0.3 0.0 -0.4
0.3 0.0 -0.3
0.3 0.0 -0.2
0.3 0.0 -0.1
0.3 0.0 0.0
0.3 0.0 0.1
0.3 0.0 0.2
0.3 0.0 0.3
0.3 0.0 0.4
0.3 0.0 0.5
0.3 0.1 -0.5
0.3 0.1 -0.4
0.3 0.1 -0.3
0.3 0.1 -0.2
0.3 0.1 -0.1
0.3 0.1 0.0
0.3 0.1 0.1
0.3 0.1 0.2
0.3 0.1 0.3
0.3 0.1 0.4
0.3 0.1 0.5
0.3 0.2 -0.5
0.3 0.2 -0.4
0.3 0.2 -0.3
0.3 0.2 -0.2
0.3 0.2 -0.1
0.3 0.2 0.0
0.3 0.2 0.1
0.3 0.2 0.2
0.3 0.2 0.3
0.3 0.2 0.4
0.3 0.2 0.5
0.3 0.3 -0.5
0.3 0.3 -0.4
0.3 0.3 -0.3
0.3 0.3 -0.2
0.3 0.3 -0.1
0.3 0.3 0.0
0.3 0.3 0.1
0.3 0.3 0.2
0.3 0.3 0.3
0.3 0.3 0.4
0.3 0.3 0.5
0.3 0.4 -0.5
0.3 0.4 -0.4
0.3 0.4 -0.3
0.3 0.4 -0.2
0.3 0.4 -0.1
0.3 0.4 0.0
0.3 0.4 0.1
0.3 0.4 0.2
0.3 0.4 0.3
0.3 0.4 0.4
0.3 0.4 0.5
0.3 0.5 -0.5
0.3 0.5 -0.4
0.3 0.5 -0.3
0.3 0.5 -0.2
0.3 0.5 -0.1
0.3 0.5 0.0
0.3 0.5 0.1
0.3 0.5 0.2
0.3 0.5 0.3
0.3 0.5 0.4
0.3 0.5 0.5
0.4 -0.5 -0.5
0.4 -0.5 -0.416666666667
0.4 -0.5 -0.333333333333
0.4 -0.5 -0.25
0.4 -0.5 -0.166666666667
0.4 -0.5 -0.0833333333333
0.4 -0.5 0.0
0.4 -0.5 0.0833333333333
0.4 -0.5 0.166666666667
0.4 -0.5 0.25
0.4 -0.5 0.333333333333
0.4 -0.5 0.416666666667
0.4 -0.5 0.5
0.4 -0.416666666667 -0.5
0.4 -0.416666666667 -0.416666666667
0.4 -0.416666666667 -0.333333333333
0.4 -0.416666666667 -0.25
0.4 -0.416666666667 -0.166666666667
0.4 -0.416666666667 -0.0833333333333
0.4 -0.416666666667 0.0
0.4 -0.416666666667 0.0833333333333
0.4 -0.416666666667 0.166666666667
0.4 -0.416666666667 0.25
0.4 -0.416666666667 0.333333333333
0.4 -0.416666666667 0.416666666667
0.4 -0.416666666667 0.5
0.4 -0.333333333333 -0.5
0.4 -0.333333333333 -0.416666666667
0.4 -0.333333333333 -0.333333333333
0.4 -0.333333333333 -0.25
0.4 -0.333333333333 -0.166666666667
0.4 -0.333333333333 -0.0833333333333
0.4 -0.333333333333 0.0
0.4 -0.333333333333 0.0833333333333
0.4 -0.333333333333 0.166666666667
0.4 -0.333333333333 0.25
0.4 -0.333333333333 0.333333333333
0.4 -0.333333333333 0.416666666667
0.4 -0.333333333333 0.5
0.4 -0.25 -0.5
0.4 -0.25 -0.416666666667
0.4 -0.25 -0.333333333333
0.4 -0.25 -0.25
0.4 -0.25 -0.166666666667
0.4 -0.25 -0.0833333333333
0.4 -0.25 0.0
0.4 -0.25 0.0833333333333
0.4 -0.25 0.166666666667
0.4 -0.25 0.25
0.4 -0.25 0.333333333333
0.4 -0.25 0.416666666667
0.4 -0.25 0.5
0.4 -0.166666666667 -0.5
0.4 -0.166666666667 -0.416666666667
0.4 -0.166666666667 -0.333333333333
0.4 -0.166666666667 -0.25
0.4 -0.166666666667 -0.166666666667
0.4 -0.166666666667 -0.0833333333333
0.4 -0.166666666667 0.0
0.4 -0.166666666667 0.0833333333333
0.4 -0.166666666667 0.166666666667
0.4 -0.166666666667 0.25
0.4 -0.166666666667 0.333333333333
0.4 -0.166666666667 0.416666666667
0.4 -0.166666666667 0.5
0.4 -0.0833333333333 -0.5
0.4 -0.0833333333333 -0.416666666667
0.4 -0.0833333333333 -0.333333333333
0.4 -0.0833333333333 -0.25
0.4 -0.0833333333333 -0.166666666667
0.4 -0.0833333333333 -0.0833333333333
0.4 -0.0833333333333 0.0
0.4 -0.0833333333333 0.0833333333333
0.4 -0.0833333333333 0.166666666667
0.4 -0.0833333333333 0.25
0.4 -0.0833333333333 0.333333333333
0.4 -0.0833333333333 0.416666666667
0.4 -0.0833333333333 0.5
0.4 0.0 -0.5
0.4 0.0 -0.416666666667
0.4 0.0 -0.333333333333
0.4 0.0 -0.25
0.4 0.0 -0.166666666667
0.4 0.0 -0.0833333333333
0.4 0.0 0.0
0.4 0.0 0.0833333333333
0.4 0.0 0.166666666667
0.4 0.0 0.25
0.4 0.0 0.333333333333
0.4 0.0 0.416666666667
0.4 0.0 0.5
0.4 0.0833333333333 -0.5
0.4 0.0833333333333 -0.416666666667
0.4 0.0833333333333 -0.333333333333
0.4 0.0833333333333 -0.25
0.4 0.0833333333333 -0.166666666667
0.4 0.0833333333333 -0.0833333333333
0.4 0.0833333333333 0.0
0.4 0.0833333333333 0.0833333333333
0.4 0.0833333333333 0.166666666667
0.4 0.0833333333333 0.25
0.4 0.0833333333333 0.333333333333
0.4 0.0833333333333 0.416666666667
0.4 0.0833333333333 0.5
0.4 0.166666666667 -0.5
0.4 0.166666666667 -0.416666666667
0.4 0.166666666667 -0.333333333333
0.4 0.166666666667 -0.25
0.4 0.166666666667 -0.166666666667
0.4 0.166666666667 -0.0833333333333
0.4 0.166666666667 0.0
0.4 0.166666666667 0.0833333333333
0.4 0.166666666667 0.166666666667
0.4 0.166666666667 0.25
0.4 0.166666666667 0.333333333333
0.4 0.166666666667 0.416666666667
0.4 0.166666666667 0.5
0.4 0.25 -0.5
0.4 0.25 -0.416666666667
0.4 0.25 -0.333333333333
0.4 0.25 -0.25
0.4 0.25 -0.166666666667
0.4 0.25 -0.0833333333333
0.4 0.25 0.0
0.4 0.25 0.0833333333333
0.4 0.25 0.166666666667
0.4 0.25 0.25
0.4 0.25 0.333333333333
0.4 0.25 0.416666666667
0.4 0.25 0.5
0.4 0.333333333333 -0.5
0.4 0.333333333333 -0.416666666667
0.4 0.333333333333 -0.333333333333
0.4 0.333333333333 -0.25
0.4 0.333333333333 -0.166666666667
0.4 0.333333333333 -0.0833333333333
0.4 0.333333333333 0.0
0.4 0.333333333333 0.0833333333333
0.4 0.333333333333 0.166666666667
0.4 0.333333333333 0.25
0.4 0.333333333333 0.333333333333
0.4 0.333333333333 0.416666666667
0.4 0.333333333333 0.5
0.4 0.416666666667 -0.5
0.4 0.416666666667 -0.416666666667
0.4 0.416666666667 -0.333333333333
0.4 0.416666666667 -0.25
0.4 0.416666666667 -0.166666666667
0.4 0.416666666667 -0.0833333333333
0.4 0.416666666667 0.0
0.4 0.416666666667 0.0833333333333
0.4 0.416666666667 0.166666666667
0.4 0.416666666667 0.25
0.4 0.416666666667 0.333333333333
0.4 0.416666666667 0.416666666667
0.4 0.416666666667 0.5
0.4 0.5 -0.5
0.4 0.5 -0.416666666667
0.4 0.5 -0.333333333333
0.4 0.5 -0.25
0.4 0.5 -0.166666666667
0.4 0.5 -0.0833333333333
0.4 0.5 0.0
0.4 0.5 0.0833333333333
0.4 0.5 0.166666666667
0.4 0.5 0.25
0.4 0.5 0.333333333333
0.4 0.5 0.416666666667
0.4 0.5 0.5
0.5 -0.5 -0.5
0.5 -0.5 -0.428571428571
0.5 -0.5 -0.357142857143
0.5 -0.5 -0.285714285714
0.5 -0.5 -0.214285714286
0.5 -0.5 -0.142857142857
0.5 -0.5 -0.0714285714286
0.5 -0.5 0.0
0.5 -0.5 0.0714285714286
0.5 -0.5 0.142857142857
0.5 -0.5 0.214285714286
0.5 -0.5 0.285714285714
0.5 -0.5 0.357142857143
0.5 -0.5 0.428571428571
0.5 -0.5 0.5
0.5 -0.428571428571 -0.5
0.5 -0.428571428571 -0.428571428571
0.5 -0.428571428571 -0.357142857143
0.5 -0.428571428571 -0.285714285714
0.5 -0.428571428571 -0.214285714286
0.5 -0.428571428571 -0.142857142857
0.5 -0.428571428571 -0.0714285714286
0.5 -0.428571428571 0.0
0.5 -0.428571428571 0.0714285714286
0.5 -0.428571428571 0.142857142857
0.5 -0.428571428571 0.214285714286
0.5 -0.428571428571 0.285714285714
0.5 -0.428571428571 0.357142857143
0.5 -0.428571428571 0.428571428571
0.5 -0.428571428571 0.5
0.5 -0.357142857143 -0.5
0.5 -0.357142857143 -0.428571428571
0.5 -0.357142857143 -0.357142857143
0.5 -0.357142857143 -0.285714285714
0.5 -0.357142857143 -0.214285714286
0.5 -0.357142857143 -0.142857142857
0.5 -0.357142857143 -0.0714285714286
0.5 -0.357142857143 0.0
0.5 -0.357142857143 0.0714285714286
0.5 -0.357142857143 0.142857142857
0.5 -0.357142857143 0.214285714286
0.5 -0.357142857143 0.285714285714
0.5 -0.357142857143 0.357142857143
0.5 -0.357142857143 0.428571428571
0.5 -0.357142857143 0.5
0.5 -0.285714285714 -0.5
0.5 -0.285714285714 -0.428571428571
0.5 -0.285714285714 -0.357142857143
0.5 -0.285714285714 -0.285714285714
0.5 -0.285714285714 -0.214285714286
0.5 -0.285714285714 -0.142857142857
0.5 -0.285714285714 -0.0714285714286
0.5 -0.285714285714 0.0
0.5 -0.285714285714 0.0714285714286
0.5 -0.285714285714 0.142857142857
0.5 -0.285714285714 0.214285714286
0.5 -0.285714285714 0.285714285714
0.5 -0.285714285714 0.357142857143
0.5 -0.285714285714 0.428571428571
0.5 -0.285714285714 0.5
0.5 -0.214285714286 -0.5
0.5 -0.214285714286 -0.428571428571
0.5 -0.214285714286 -0.357142857143
0.5 -0.214285714286 -0.285714285714
0.5 -0.214285714286 -0.214285714286
0.5 -0.214285714286 -0.142857142857
0.5 -0.214285714286 -0.0714285714286
0.5 -0.214285714286 0.0
0.5 -0.214285714286 0.0714285714286
0.5 -0.214285714286 0.142857142857
0.5 -0.214285714286 0.214285714286
0.5 -0.214285714286 0.285714285714
0.5 -0.214285714286 0.357142857143
0.5 -0.214285714286 0.428571428571
0.5 -0.214285714286 0.5
0.5 -0.142857142857 -0.5
0.5 -0.142857142857 -0.428571428571
0.5 -0.142857142857 -0.357142857143
0.5 -0.142857142857 -0.285714285714
0.5 -0.142857142857 -0.214285714286
0.5 -0.142857142857 -0.142857142857
0.5 -0.142857142857 -0.0714285714286
0.5 -0.142857142857 0.0
0.5 -0.142857142857 0.0714285714286
0.5 -0.142857142857 0.142857142857
0.5 -0.142857142857 0.214285714286
0.5 -0.142857142857 0.285714285714
0.5 -0.142857142857 0.357142857143
0.5 -0.142857142857 0.428571428571
0.5 -0.142857142857 0.5
0.5 -0.0714285714286 -0.5
0.5 -0.0714285714286 -0.428571428571
0.5 -0.0714285714286 -0.357142857143
0.5 -0.0714285714286 -0.285714285714
0.5 -0.0714285714286 -0.214285714286
0.5 -0.0714285714286 -0.142857142857
0.5 -0.0714285714286 -0.0714285714286
0.5 -0.0714285714286 0.0
0.5 -0.0714285714286 0.0714285714286
0.5 -0.0714285714286 0.142857142857
0.5 -0.0714285714286 0.214285714286
0.5 -0.0714285714286 0.285714285714
0.5 -0.0714285714286 0.357142857143
0.5 -0.0714285714286 0.428571428571
0.5 -0.0714285714286 0.5
0.5 0.0 -0.5
0.5 0.0 -0.428571428571
0.5 0.0 -0.357142857143
0.5 0.0 -0.285714285714
0.5 0.0 -0.214285714286
0.5 0.0 -0.142857142857
0.5 0.0 -0.0714285714286
0.5 0.0 0.0
0.5 0.0 0.0714285714286
0.5 0.0 0.142857142857
0.5 0.0 0.214285714286
0.5 0.0 0.285714285714
0.5 0.0 0.357142857143
0.5 0.0 0.428571428571
0.5 0.0 0.5
0.5 0.0714285714286 -0.5
0.5 0.0714285714286 -0.428571428571
0.5 0.0714285714286 -0.357142857143
0.5 0.0714285714286 -0.285714285714
0.5 0.0714285714286 -0.214285714286
0.5 0.0714285714286 -0.142857142857
0.5 0.0714285714286 -0.0714285714286
0.5 0.0714285714286 0.0
0.5 0.0714285714286 0.0714285714286
0.5 0.0714285714286 0.142857142857
0.5 0.0714285714286 0.214285714286
0.5 0.0714285714286 0.285714285714
0.5 0.0714285714286 0.357142857143
0.5 0.0714285714286 0.428571428571
0.5 0.0714285714286 0.5
0.5 0.142857142857 -0.5
0.5 0.142857142857 -0.428571428571
0.5 0.142857142857 -0.357142857143
0.5 0.142857142857 -0.285714285714
0.5 0.142857142857 -0.214285714286
0.5 0.142857142857 -0.142857142857
0.5 0.142857142857 -0.0714285714286
0.5 0.142857142857 0.0
0.5 0.142857142857 0.0714285714286
0.5 0.142857142857 0.142857142857
0.5 0.142857142857 0.214285714286
0.5 0.142857142857 0.285714285714
0.5 0.142857142857 0.357142857143
0.5 0.142857142857 0.428571428571
0.5 0.142857142857 0.5
0.5 0.214285714286 -0.5
0.5 0.214285714286 -0.428571428571
0.5 0.214285714286 -0.357142857143
0.5 0.214285714286 -0.285714285714
0.5 0.214285714286 -0.214285714286
0.5 0.214285714286 -0.142857142857
0.5 0.214285714286 -0.0714285714286
0.5 0.214285714286 0.0
0.5 0.214285714286 0.0714285714286
0.5 0.214285714286 0.142857142857
0.5 0.214285714286 0.214285714286
0.5 0.214285714286 0.285714285714
0.5 0.214285714286 0.357142857143
0.5 0.214285714286 0.428571428571
0.5 0.214285714286 0.5
0.5 0.285714285714 -0.5
0.5 0.285714285714 -0.428571428571
0.5 0.285714285714 -0.357142857143
0.5 0.285714285714 -0.285714285714
0.5 0.285714285714 -0.214285714286
0.5 0.285714285714 -0.142857142857
0.5 0.285714285714 -0.0714285714286
0.5 0.285714285714 0.0
0.5 0.285714285714 0.0714285714286
0.5 0.285714285714 0.142857142857
0.5 0.285714285714 0.214285714286
0.5 0.285714285714 0.285714285714
0.5 0.285714285714 0.357142857143
0.5 0.285714285714 0.428571428571
0.5 0.285714285714 0.5
0.5 0.357142857143 -0.5
0.5 0.357142857143 -0.428571428571
0.5 0.357142857143 -0.357142857143
0.5 0.357142857143 -0.285714285714
0.5 0.357142857143 -0.214285714286
0.5 0.357142857143 -0.142857142857
0.5 0.357142857143 -0.0714285714286
0.5 0.357142857143 0.0
0.5 0.357142857143 0.0714285714286
0.5 0.357142857143 0.142857142857
0.5 0.357142857143 0.214285714286
0.5 0.357142857143 0.285714285714
0.5 0.357142857143 0.357142857143
0.5 0.357142857143 0.428571428571
0.5 0.357142857143 0.5
0.5 0.428571428571 -0.5
0.5 0.428571428571 -0.428571428571
0.5 0.428571428571 -0.357142857143
0.5 0.428571428571 -0.285714285714
0.5 0.428571428571 -0.214285714286
0.5 0.428571428571 -0.142857142857
0.5 0.428571428571 -0.0714285714286
0.5 0.428571428571 0.0
0.5 0.428571428571 0.0714285714286
0.5 0.428571428571 0.142857142857
0.5 0.428571428571 0.214285714286
0.5 0.428571428571 0.285714285714
0.5 0.428571428571 0.357142857143
0.5 0.428571428571 0.428571428571
0.5 0.428571428571 0.5
0.5 0.5 -0.5
0.5 0.5 -0.428571428571
0.5 0.5 -0.357142857143
0.5 0.5 -0.285714285714
0.5 0.5 -0.214285714286
0.5 0.5 -0.142857142857
0.5 0.5 -0.0714285714286
0.5 0.5 0.0
0.5 0.5 0.0714285714286
0.5 0.5 0.142857142857
0.5 0.5 0.214285714286
0.5 0.5 0.285714285714
0.5 0.5 0.357142857143
0.5 0.5 0.428571428571
0.5 0.5 0.5
