-0.5 -0.5 -0.5
-0.5 -0.5 -0.4
-0.5 -0.5 -0.3
-0.5 -0.5 -0.2
-0.5 -0.5 -0.1
-0.5 -0.5 0.0
-0.5 -0.5 0.1
-0.5 -0.5 0.2
-0.5 -0.5 0.3
-0.5 -0.5 0.4
-0.5 -0.5 0.5
-0.5 -0.4 -0.5
-0.5 -0.4 -0.4
-0.5 -0.4 -0.3
-0.5 -0.4 -0.2
-0.5 -0.4 -0.1
-0.5 -0.4 0.0
-0.5 -0.4 0.1
-0.5 -0.4 0.2
-0.5 -0.4 0.3
-0.5 -0.4 0.4
-0.5 -0.4 0.5
-0.5 -0.3 -0.5
-0.5 -0.3 -0.4
-0.5 -0.3 -0.3
-0.5 -0.3 -0.2
-0.5 -0.3 -0.1
-0.5 -0.3 0.0
-0.5 -0.3 0.1
-0.5 -0.3 0.2
-0.5 -0.3 0.3
-0.5 -0.3 0.4
-0.5 -0.3 0.5
-0.5 -0.2 -0.5
-0.5 -0.2 -0.4
-0.5 -0.2 -0.3
-0.5 -0.2 -0.2
-0.5 -0.2 -0.1
-0.5 -0.2 0.0
-0.5 -0.2 0.1
-0.5 -0.2 0.2
-0.5 -0.2 0.3
-0.5 -0.2 0.4
-0.5 -0.2 0.5
-0.5 -0.1 -0.5
-0.5 -0.1 -0.4
-0.5 -0.1 -0.3
-0.5 -0.1 -0.2
-0.5 -0.1 -0.1
-0.5 -0.1 0.0
-0.5 -0.1 0.1
-0.5 -0.1 0.2
-0.5 -0.1 0.3
-0.5 -0.1 0.4
-0.5 -0.1 0.5
-0.5 0.0 -0.5
-0.5 0.0 -0.4
-0.5 0.0 -0.3
-0.5 0.0 -0.2
-0.5 0.0 -0.1
-0.5 0.0 0.0
-0.5 0.0 0.1
-0.5 0.0 0.2
-0.5 0.0 0.3
-0.5 0.0 0.4
-0.5 0.0 0.5
-0.5 0.1 -0.5
-0.5 0.1 -0.4
-0.5 0.1 -0.3
-0.5 0.1 -0.2
-0.5 0.1 -0.1
-0.5 0.1 0.0
-0.5 0.1 0.1
-0.5 0.1 0.2
-0.5 0.1 0.3
-0.5 0.1 0.4
-0.5 0.1 0.5
-0.5 0.2 -0.5
-0.5 0.2 -0.4
-0.5 0.2 -0.3
-0.5 0.2 -0.2
-0.5 0.2 -0.1
-0.5 0.2 0.0
-0.5 0.2 0.1
-0.5 0.2 0.2
-0.5 0.2 0.3
-0.5 0.2 0.4
-0.5 0.2 0.5
-0.5 0.3 -0.5
-0.5 0.3 -0.4
-0.5 0.3 -0.3
-0.5 0.3 -0.2
-0.5 0.3 -0.1
-0.5 0.3 0.0
-0.5 0.3 0.1
-0.5 0.3 0.2
-0.5 0.3 0.3
-0.5 0.3 0.4
-0.5 0.3 0.5
-0.5 0.4 -0.5
-0.5 0.4 -0.4
-0.5 0.4 -0.3
-0.5 0.4 -0.2
-0.5 0.4 -0.1
-0.5 0.4 0.0
-0.5 0.4 0.1
-0.5 0.4 0.2
-0.5 0.4 0.3
-0.5 0.4 0.4
-0.5 0.4 0.5
-0.5 0.5 -0.5
-0.5 0.5 -0.4
-0.5 0.5 -0.3
-0.5 0.5 -0.2
-0.5 0.5 -0.1
-0.5 0.5 0.0
-0.5 0.5 0.1
-0.5 0.5 0.2
-0.5 0.5 0.3
-0.5 0.5 0.4
-0.5 0.5 0.5
-0.4472135955 -0.5 -0.5
-0.4472135955 -0.5 -0.4
-0.4472135955 -0.5 -0.3
-0.4472135955 -0.5 -0.2
-0.4472135955 -0.5 -0.1
-0.4472135955 -0.5 0.0
-0.4472135955 -0.5 0.1
-0.4472135955 -0.5 0.2
-0.4472135955 -0.5 0.3
-0.4472135955 -0.5 0.4
-0.4472135955 -0.5 0.5
-0.4472135955 -0.4 -0.5
-0.4472135955 -0.4 -0.4
-0.4472135955 -0.4 -0.3
-0.4472135955 -0.4 -0.2
-0.4472135955 -0.4 -0.1
-0.4472135955 -0.4 0.0
-0.4472135955 -0.4 0.1
-0.4472135955 -0.4 0.2
-0.4472135955 -0.4 0.3
-0.4472135955 -0.4 0.4
-0.4472135955 -0.4 0.5
-0.4472135955 -0.3 -0.5
-0.4472135955 -0.3 -0.4
-0.4472135955 -0.3 -0.3
-0.4472135955 -0.3 -0.2
-0.4472135955 -0.3 -0.1
-0.4472135955 -0.3 0.0
-0.4472135955 -0.3 0.1
-0.4472135955 -0.3 0.2
-0.4472135955 -0.3 0.3
-0.4472135955 -0.3 0.4
-0.4472135955 -0.3 0.5
-0.4472135955 -0.2 -0.5
-0.4472135955 -0.2 -0.4
-0.4472135955 -0.2 -0.3
-0.4472135955 -0.2 -0.2
-0.4472135955 -0.2 -0.1
-0.4472135955 -0.2 0.0
-0.4472135955 -0.2 0.1
-0.4472135955 -0.2 0.2
-0.4472135955 -0.2 0.3
-0.4472135955 -0.2 0.4
-0.4472135955 -0.2 0.5
-0.4472135955 -0.1 -0.5
-0.4472135955 -0.1 -0.4
-0.4472135955 -0.1 -0.3
-0.4472135955 -0.1 -0.2
-0.4472135955 -0.1 -0.1
-0.4472135955 -0.1 0.0
-0.4472135955 -0.1 0.1
-0.4472135955 -0.1 0.2
-0.4472135955 -0.1 0.3
-0.4472135955 -0.1 0.4
-0.4472135955 -0.1 0.5
-0.4472135955 0.0 -0.5
-0.4472135955 0.0 -0.4
-0.4472135955 0.0 -0.3
-0.4472135955 0.0 -0.2
-0.4472135955 0.0 -0.1
-0.4472135955 0.0 0.0
-0.4472135955 0.0 0.1
-0.4472135955 0.0 0.2
-0.4472135955 0.0 0.3
-0.4472135955 0.0 0.4
-0.4472135955 0.0 0.5
-0.4472135955 0.1 -0.5
-0.4472135955 0.1 -0.4
-0.4472135955 0.1 -0.3
-0.4472135955 0.1 -0.2
-0.4472135955 0.1 -0.1
-0.4472135955 0.1 0.0
-0.4472135955 0.1 0.1
-0.4472135955 0.1 0.2
-0.4472135955 0.1 0.3
-0.4472135955 0.1 0.4
-0.4472135955 0.1 0.5
-0.4472135955 0.2 -0.5
-0.4472135955 0.2 -0.4
-0.4472135955 0.2 -0.3
-0.4472135955 0.2 -0.2
-0.4472135955 0.2 -0.1
-0.4472135955 0.2 0.0
-0.4472135955 0.2 0.1
-0.4472135955 0.2 0.2
-0.4472135955 0.2 0.3
-0.4472135955 0.2 0.4
-0.4472135955 0.2 0.5
-0.4472135955 0.3 -0.5
-0.4472135955 0.3 -0.4
-0.4472135955 0.3 -0.3
-0.4472135955 0.3 -0.2
-0.4472135955 0.3 -0.1
-0.4472135955 0.3 0.0
-0.4472135955 0.3 0.1
-0.4472135955 0.3 0.2
-0.4472135955 0.3 0.3
-0.4472135955 0.3 0.4
-0.4472135955 0.3 0.5
-0.4472135955 0.4 -0.5
-0.4472135955 0.4 -0.4
-0.4472135955 0.4 -0.3
-0.4472135955 0.4 -0.2
-0.4472135955 0.4 -0.1
-0.4472135955 0.4 0.0
-0.4472135955 0.4 0.1
-0.4472135955 0.4 0.2
-0.4472135955 0.4 0.3
-0.4472135955 0.4 0.4
-0.4472135955 0.4 0.5
-0.4472135955 0.5 -0.5
-0.4472135955 0.5 -0.4
-0.4472135955 0.5 -0.3
-0.4472135955 0.5 -0.2
-0.4472135955 0.5 -0.1
-0.4472135955 0.5 0.0
-0.4472135955 0.5 0.1
-0.4472135955 0.5 0.2
-0.4472135955 0.5 0.3
-0.4472135955 0.5 0.4
-0.4472135955 0.5 0.5
-0.387298334621 -0.5 -0.5
-0.387298334621 -0.5 -0.4
-0.387298334621 -0.5 -0.3
-0.387298334621 -0.5 -0.2
-0.387298334621 -0.5 -0.1
-0.387298334621 -0.5 0.0
-0.387298334621 -0.5 0.1
-0.387298334621 -0.5 0.2
-0.387298334621 -0.5 0.3
-0.387298334621 -0.5 0.4
-0.387298334621 -0.5 0.5
-0.387298334621 -0.4 -0.5
-0.387298334621 -0.4 -0.4
-0.387298334621 -0.4 -0.3
-0.387298334621 -0.4 -0.2
-0.387298334621 -0.4 -0.1
-0.387298334621 -0.4 0.0
-0.387298334621 -0.4 0.1
-0.387298334621 -0.4 0.2
-0.387298334621 -0.4 0.3
-0.387298334621 -0.4 0.4
-0.387298334621 -0.4 0.5
-0.387298334621 -0.3 -0.5
-0.387298334621 -0.3 -0.4
-0.387298334621 -0.3 -0.3
-0.387298334621 -0.3 -0.2
-0.387298334621 -0.3 -0.1
-0.387298334621 -0.3 0.0
-0.387298334621 -0.3 0.1
-0.387298334621 -0.3 0.2
-0.387298334621 -0.3 0.3
-0.387298334621 -0.3 0.4
-0.387298334621 -0.3 0.5
-0.387298334621 -0.2 -0.5
-0.387298334621 -0.2 -0.4
-0.387298334621 -0.2 -0.3
-0.387298334621 -0.2 -0.2
-0.387298334621 -0.2 -0.1
-0.387298334621 -0.2 0.0
-0.387298334621 -0.2 0.1
-0.387298334621 -0.2 0.2
-0.387298334621 -0.2 0.3
-0.387298334621 -0.2 0.4
-0.387298334621 -0.2 0.5
-0.387298334621 -0.1 -0.5
-0.387298334621 -0.1 -0.4
-0.387298334621 -0.1 -0.3
-0.387298334621 -0.1 -0.2
-0.387298334621 -0.1 -0.1
-0.387298334621 -0.1 0.0
-0.387298334621 -0.1 0.1
-0.387298334621 -0.1 0.2
-0.387298334621 -0.1 0.3
-0.387298334621 -0.1 0.4
-0.387298334621 -0.1 0.5
-0.387298334621 0.0 -0.5
-0.387298334621 0.0 -0.4
-0.387298334621 0.0 -0.3
-0.387298334621 0.0 -0.2
-0.387298334621 0.0 -0.1
-0.387298334621 0.0 0.0
-0.387298334621 0.0 0.1
-0.387298334621 0.0 0.2
-0.387298334621 0.0 0.3
-0.387298334621 0.0 0.4
-0.387298334621 0.0 0.5
-0.387298334621 0.1 -0.5
-0.387298334621 0.1 -0.4
-0.387298334621 0.1 -0.3
-0.387298334621 0.1 -0.2
-0.387298334621 0.1 -0.1
-0.387298334621 0.1 0.0
-0.387298334621 0.1 0.1
-0.387298334621 0.1 0.2
-0.387298334621 0.1 0.3
-0.387298334621 0.1 0.4
-0.387298334621 0.1 0.5
-0.387298334621 0.2 -0.5
-0.387298334621 0.2 -0.4
-0.387298334621 0.2 -0.3
-0.387298334621 0.2 -0.2
-0.387298334621 0.2 -0.1
-0.387298334621 0.2 0.0
-0.387298334621 0.2 0.1
-0.387298334621 0.2 0.2
-0.387298334621 0.2 0.3
-0.387298334621 0.2 0.4
-0.387298334621 0.2 0.5
-0.387298334621 0.3 -0.5
-0.387298334621 0.3 -0.4
-0.387298334621 0.3 -0.3
-0.387298334621 0.3 -0.2
-0.387298334621 0.3 -0.1
-0.387298334621 0.3 0.0
-0.387298334621 0.3 0.1
-0.387298334621 0.3 0.2
-0.387298334621 0.3 0.3
-0.387298334621 0.3 0.4
-0.387298334621 0.3 0.5
-0.387298334621 0.4 -0.5
-0.387298334621 0.4 -0.4
-0.387298334621 0.4 -0.3
-0.387298334621 0.4 -0.2
-0.387298334621 0.4 -0.1
-0.387298334621 0.4 0.0
-0.387298334621 0.4 0.1
-0.387298334621 0.4 0.2
-0.387298334621 0.4 0.3
-0.387298334621 0.4 0.4
-0.387298334621 0.4 0.5
-0.387298334621 0.5 -0.5
-0.387298334621 0.5 -0.4
-0.387298334621 0.5 -0.3
-0.387298334621 0.5 -0.2
-0.387298334621 0.5 -0.1
-0.387298334621 0.5 0.0
-0.387298334621 0.5 0.1
-0.387298334621 0.5 0.2
-0.387298334621 0.5 0.3
-0.387298334621 0.5 0.4
-0.387298334621 0.5 0.5
-0.316227766017 -0.5 -0.5
-0.316227766017 -0.5 -0.4
-0.316227766017 -0.5 -0.3
-0.316227766017 -0.5 -0.2
-0.316227766017 -0.5 -0.1
-0.316227766017 -0.5 0.0
-0.316227766017 -0.5 0.1
-0.316227766017 -0.5 0.2
-0.316227766017 -0.5 0.3
-0.316227766017 -0.5 0.4
-0.316227766017 -0.5 0.5
-0.316227766017 -0.4 -0.5
-0.316227766017 -0.4 -0.4
-0.316227766017 -0.4 -0.3
-0.316227766017 -0.4 -0.2
-0.316227766017 -0.4 -0.1
-0.316227766017 -0.4 0.0
-0.316227766017 -0.4 0.1
-0.316227766017 -0.4 0.2
-0.316227766017 -0.4 0.3
-0.316227766017 -0.4 0.4
-0.316227766017 -0.4 0.5
-0.316227766017 -0.3 -0.5
-0.316227766017 -0.3 -0.4
-0.316227766017 -0.3 -0.3
-0.316227766017 -0.3 -0.2
-0.316227766017 -0.3 -0.1
-0.316227766017 -0.3 0.0
-0.316227766017 -0.3 0.1
-0.316227766017 -0.3 0.2
-0.316227766017 -0.3 0.3
-0.316227766017 -0.3 0.4
-0.316227766017 -0.3 0.5
-0.316227766017 -0.2 -0.5
-0.316227766017 -0.2 -0.4
-0.316227766017 -0.2 -0.3
-0.316227766017 -0.2 -0.2
-0.316227766017 -0.2 -0.1
-0.316227766017 -0.2 0.0
-0.316227766017 -0.2 0.1
-0.316227766017 -0.2 0.2
-0.316227766017 -0.2 0.3
-0.316227766017 -0.2 0.4
-0.316227766017 -0.2 0.5
-0.316227766017 -0.1 -0.5
-0.316227766017 -0.1 -0.4
-0.316227766017 -0.1 -0.3
-0.316227766017 -0.1 -0.2
-0.316227766017 -0.1 -0.1
-0.316227766017 -0.1 0.0
-0.316227766017 -0.1 0.1
-0.316227766017 -0.1 0.2
-0.316227766017 -0.1 0.3
-0.316227766017 -0.1 0.4
-0.316227766017 -0.1 0.5
-0.316227766017 0.0 -0.5
-0.316227766017 0.0 -0.4
-0.316227766017 0.0 -0.3
-0.316227766017 0.0 -0.2
-0.316227766017 0.0 -0.1
-0.316227766017 0.0 0.0
-0.316227766017 0.0 0.1
-0.316227766017 0.0 0.2
-0.316227766017 0.0 0.3
-0.316227766017 0.0 0.4
-0.316227766017 0.0 0.5
-0.316227766017 0.1 -0.5
-0.316227766017 0.1 -0.4
-0.316227766017 0.1 -0.3
-0.316227766017 0.1 -0.2
-0.316227766017 0.1 -0.1
-0.316227766017 0.1 0.0
-0.316227766017 0.1 0.1
-0.316227766017 0.1 0.2
-0.316227766017 0.1 0.3
-0.316227766017 0.1 0.4
-0.316227766017 0.1 0.5
-0.316227766017 0.2 -0.5
-0.316227766017 0.2 -0.4
-0.316227766017 0.2 -0.3
-0.316227766017 0.2 -0.2
-0.316227766017 0.2 -0.1
-0.316227766017 0.2 0.0
-0.316227766017 0.2 0.1
-0.316227766017 0.2 0.2
-0.316227766017 0.2 0.3
-0.316227766017 0.2 0.4
-0.316227766017 0.2 0.5
-0.316227766017 0.3 -0.5
-0.316227766017 0.3 -0.4
-0.316227766017 0.3 -0.3
-0.316227766017 0.3 -0.2
-0.316227766017 0.3 -0.1
-0.316227766017 0.3 0.0
-0.316227766017 0.3 0.1
-0.316227766017 0.3 0.2
-0.316227766017 0.3 0.3
-0.316227766017 0.3 0.4
-0.316227766017 0.3 0.5
-0.316227766017 0.4 -0.5
-0.316227766017 0.4 -0.4
-0.316227766017 0.4 -0.3
-0.316227766017 0.4 -0.2
-0.316227766017 0.4 -0.1
-0.316227766017 0.4 0.0
-0.316227766017 0.4 0.1
-0.316227766017 0.4 0.2
-0.316227766017 0.4 0.3
-0.316227766017 0.4 0.4
-0.316227766017 0.4 0.5
-0.316227766017 0.5 -0.5
-0.316227766017 0.5 -0.4
-0.316227766017 0.5 -0.3
-0.316227766017 0.5 -0.2
-0.316227766017 0.5 -0.1
-0.316227766017 0.5 0.0
-0.316227766017 0.5 0.1
-0.316227766017 0.5 0.2
-0.316227766017 0.5 0.3
-0.316227766017 0.5 0.4
-0.316227766017 0.5 0.5
-0.22360679775 -0.5 -0.5
-0.22360679775 -0.5 -0.4
-0.22360679775 -0.5 -0.3
-0.22360679775 -0.5 -0.2
-0.22360679775 -0.5 -0.1
-0.22360679775 -0.5 0.0
-0.22360679775 -0.5 0.1
-0.22360679775 -0.5 0.2
-0.22360679775 -0.5 0.3
-0.22360679775 -0.5 0.4
-0.22360679775 -0.5 0.5
-0.22360679775 -0.4 -0.5
-0.22360679775 -0.4 -0.4
-0.22360679775 -0.4 -0.3
-0.22360679775 -0.4 -0.2
-0.22360679775 -0.4 -0.1
-0.22360679775 -0.4 0.0
-0.22360679775 -0.4 0.1
-0.22360679775 -0.4 0.2
-0.22360679775 -0.4 0.3
-0.22360679775 -0.4 0.4
-0.22360679775 -0.4 0.5
-0.22360679775 -0.3 -0.5
-0.22360679775 -0.3 -0.4
-0.22360679775 -0.3 -0.3
-0.22360679775 -0.3 -0.2
-0.22360679775 -0.3 -0.1
-0.22360679775 -0.3 0.0
-0.22360679775 -0.3 0.1
-0.22360679775 -0.3 0.2
-0.22360679775 -0.3 0.3
-0.22360679775 -0.3 0.4
-0.22360679775 -0.3 0.5
-0.22360679775 -0.2 -0.5
-0.22360679775 -0.2 -0.4
-0.22360679775 -0.2 -0.3
-0.22360679775 -0.2 -0.2
-0.22360679775 -0.2 -0.1
-0.22360679775 -0.2 0.0
-0.22360679775 -0.2 0.1
-0.22360679775 -0.2 0.2
-0.22360679775 -0.2 0.3
-0.22360679775 -0.2 0.4
-0.22360679775 -0.2 0.5
-0.22360679775 -0.1 -0.5
-0.22360679775 -0.1 -0.4
-0.22360679775 -0.1 -0.3
-0.22360679775 -0.1 -0.2
-0.22360679775 -0.1 -0.1
-0.22360679775 -0.1 0.0
-0.22360679775 -0.1 0.1
-0.22360679775 -0.1 0.2
-0.22360679775 -0.1 0.3
-0.22360679775 -0.1 0.4
-0.22360679775 -0.1 0.5
-0.22360679775 0.0 -0.5
-0.22360679775 0.0 -0.4
-0.22360679775 0.0 -0.3
-0.22360679775 0.0 -0.2
-0.22360679775 0.0 -0.1
-0.22360679775 0.0 0.0
-0.22360679775 0.0 0.1
-0.22360679775 0.0 0.2
-0.22360679775 0.0 0.3
-0.22360679775 0.0 0.4
-0.22360679775 0.0 0.5
-0.22360679775 0.1 -0.5
-0.22360679775 0.1 -0.4
-0.22360679775 0.1 -0.3
-0.22360679775 0.1 -0.2
-0.22360679775 0.1 -0.1
-0.22360679775 0.1 0.0
-0.22360679775 0.1 0.1
-0.22360679775 0.1 0.2
-0.22360679775 0.1 0.3
-0.22360679775 0.1 0.4
-0.22360679775 0.1 0.5
-0.22360679775 0.2 -0.5
-0.22360679775 0.2 -0.4
-0.22360679775 0.2 -0.3
-0.22360679775 0.2 -0.2
-0.22360679775 0.2 -0.1
-0.22360679775 0.2 0.0
-0.22360679775 0.2 0.1
-0.22360679775 0.2 0.2
-0.22360679775 0.2 0.3
-0.22360679775 0.2 0.4
-0.22360679775 0.2 0.5
-0.22360679775 0.3 -0.5
-0.22360679775 0.3 -0.4
-0.22360679775 0.3 -0.3
-0.22360679775 0.3 -0.2
-0.22360679775 0.3 -0.1
-0.22360679775 0.3 0.0
-0.22360679775 0.3 0.1
-0.22360679775 0.3 0.2
-0.22360679775 0.3 0.3
-0.22360679775 0.3 0.4
-0.22360679775 0.3 0.5
-0.22360679775 0.4 -0.5
-0.22360679775 0.4 -0.4
-0.22360679775 0.4 -0.3
-0.22360679775 0.4 -0.2
-0.22360679775 0.4 -0.1
-0.22360679775 0.4 0.0
-0.22360679775 0.4 0.1
-0.22360679775 0.4 0.2
-0.22360679775 0.4 0.3
-0.22360679775 0.4 0.4
-0.22360679775 0.4 0.5
-0.22360679775 0.5 -0.5
-0.22360679775 0.5 -0.4
-0.22360679775 0.5 -0.3
-0.22360679775 0.5 -0.2
-0.22360679775 0.5 -0.1
-0.22360679775 0.5 0.0
-0.22360679775 0.5 0.1
-0.22360679775 0.5 0.2
-0.22360679775 0.5 0.3
-0.22360679775 0.5 0.4
-0.22360679775 0.5 0.5
0.0 -0.5 -0.5
0.0 -0.5 -0.4
0.0 -0.5 -0.3
0.0 -0.5 -0.2
0.0 -0.5 -0.1
0.0 -0.5 0.0
0.0 -0.5 0.1
0.0 -0.5 0.2
0.0 -0.5 0.3
0.0 -0.5 0.4
0.0 -0.5 0.5
0.0 -0.4 -0.5
0.0 -0.4 -0.4
0.0 -0.4 -0.3
0.0 -0.4 -0.2
0.0 -0.4 -0.1
0.0 -0.4 0.0
0.0 -0.4 0.1
0.0 -0.4 0.2
0.0 -0.4 0.3
0.0 -0.4 0.4
0.0 -0.4 0.5
0.0 -0.3 -0.5
0.0 -0.3 -0.4
0.0 -0.3 -0.3
0.0 -0.3 -0.2
0.0 -0.3 -0.1
0.0 -0.3 0.0
0.0 -0.3 0.1
0.0 -0.3 0.2
0.0 -0.3 0.3
0.0 -0.3 0.4
0.0 -0.3 0.5
0.0 -0.2 -0.5
0.0 -0.2 -0.4
0.0 -0.2 -0.3
0.0 -0.2 -0.2
0.0 -0.2 -0.1
0.0 -0.2 0.0
0.0 -0.2 0.1
0.0 -0.2 0.2
0.0 -0.2 0.3
0.0 -0.2 0.4
0.0 -0.2 0.5
0.0 -0.1 -0.5
0.0 -0.1 -0.4
0.0 -0.1 -0.3
0.0 -0.1 -0.2
0.0 -0.1 -0.1
0.0 -0.1 0.0
0.0 -0.1 0.1
0.0 -0.1 0.2
0.0 -0.1 0.3
0.0 -0.1 0.4
0.0 -0.1 0.5
0.0 0.0 -0.5
0.0 0.0 -0.4
0.0 0.0 -0.3
0.0 0.0 -0.2
0.0 0.0 -0.1
0.0 0.0 0.0
0.0 0.0 0.1
0.0 0.0 0.2
0.0 0.0 0.3
0.0 0.0 0.4
0.0 0.0 0.5
0.0 0.1 -0.5
0.0 0.1 -0.4
0.0 0.1 -0.3
0.0 0.1 -0.2
0.0 0.1 -0.1
0.0 0.1 0.0
0.0 0.1 0.1
0.0 0.1 0.2
0.0 0.1 0.3
0.0 0.1 0.4
0.0 0.1 0.5
0.0 0.2 -0.5
0.0 0.2 -0.4
0.0 0.2 -0.3
0.0 0.2 -0.2
0.0 0.2 -0.1
0.0 0.2 0.0
0.0 0.2 0.1
0.0 0.2 0.2
0.0 0.2 0.3
0.0 0.2 0.4
0.0 0.2 0.5
0.0 0.3 -0.5
0.0 0.3 -0.4
0.0 0.3 -0.3
0.0 0.3 -0.2
0.0 0.3 -0.1
0.0 0.3 0.0
0.0 0.3 0.1
0.0 0.3 0.2
0.0 0.3 0.3
0.0 0.3 0.4
0.0 0.3 0.5
0.0 0.4 -0.5
0.0 0.4 -0.4
0.0 0.4 -0.3
0.0 0.4 -0.2
0.0 0.4 -0.1
0.0 0.4 0.0
0.0 0.4 0.1
0.0 0.4 0.2
0.0 0.4 0.3
0.0 0.4 0.4
0.0 0.4 0.5
0.0 0.5 -0.5
0.0 0.5 -0.4
0.0 0.5 -0.3
0.0 0.5 -0.2
0.0 0.5 -0.1
0.0 0.5 0.0
0.0 0.5 0.1
0.0 0.5 0.2
0.0 0.5 0.3
0.0 0.5 0.4
0.0 0.5 0.5
0.22360679775 -0.5 -0.5
0.22360679775 -0.5 -0.4
0.22360679775 -0.5 -0.3
0.22360679775 -0.5 -0.2
0.22360679775 -0.5 -0.1
0.22360679775 -0.5 0.0
0.22360679775 -0.5 0.1
0.22360679775 -0.5 0.2
0.22360679775 -0.5 0.3
0.22360679775 -0.5 0.4
0.22360679775 -0.5 0.5
0.22360679775 -0.4 -0.5
0.22360679775 -0.4 -0.4
0.22360679775 -0.4 -0.3
0.22360679775 -0.4 -0.2
0.22360679775 -0.4 -0.1
0.22360679775 -0.4 0.0
0.22360679775 -0.4 0.1
0.22360679775 -0.4 0.2
0.22360679775 -0.4 0.3
0.22360679775 -0.4 0.4
0.22360679775 -0.4 0.5
0.22360679775 -0.3 -0.5
0.22360679775 -0.3 -0.4
0.22360679775 -0.3 -0.3
0.22360679775 -0.3 -0.2
0.22360679775 -0.3 -0.1
0.22360679775 -0.3 0.0
0.22360679775 -0.3 0.1
0.22360679775 -0.3 0.2
0.22360679775 -0.3 0.3
0.22360679775 -0.3 0.4
0.22360679775 -0.3 0.5
0.22360679775 -0.2 -0.5
0.22360679775 -0.2 -0.4
0.22360679775 -0.2 -0.3
0.22360679775 -0.2 -0.2
0.22360679775 -0.2 -0.1
0.22360679775 -0.2 0.0
0.22360679775 -0.2 0.1
0.22360679775 -0.2 0.2
0.22360679775 -0.2 0.3
0.22360679775 -0.2 0.4
0.22360679775 -0.2 0.5
0.22360679775 -0.1 -0.5
0.22360679775 -0.1 -0.4
0.22360679775 -0.1 -0.3
0.22360679775 -0.1 -0.2
0.22360679775 -0.1 -0.1
0.22360679775 -0.1 0.0
0.22360679775 -0.1 0.1
0.22360679775 -0.1 0.2
0.22360679775 -0.1 0.3
0.22360679775 -0.1 0.4
0.22360679775 -0.1 0.5
0.22360679775 0.0 -0.5
0.22360679775 0.0 -0.4
0.22360679775 0.0 -0.3
0.22360679775 0.0 -0.2
0.22360679775 0.0 -0.1
0.22360679775 0.0 0.0
0.22360679775 0.0 0.1
0.22360679775 0.0 0.2
0.22360679775 0.0 0.3
0.22360679775 0.0 0.4
0.22360679775 0.0 0.5
0.22360679775 0.1 -0.5
0.22360679775 0.1 -0.4
0.22360679775 0.1 -0.3
0.22360679775 0.1 -0.2
0.22360679775 0.1 -0.1
0.22360679775 0.1 0.0
0.22360679775 0.1 0.1
0.22360679775 0.1 0.2
0.22360679775 0.1 0.3
0.22360679775 0.1 0.4
0.22360679775 0.1 0.5
0.22360679775 0.2 -0.5
0.22360679775 0.2 -0.4
0.22360679775 0.2 -0.3
0.22360679775 0.2 -0.2
0.22360679775 0.2 -0.1
0.22360679775 0.2 0.0
0.22360679775 0.2 0.1
0.22360679775 0.2 0.2
0.22360679775 0.2 0.3
0.22360679775 0.2 0.4
0.22360679775 0.2 0.5
0.22360679775 0.3 -0.5
0.22360679775 0.3 -0.4
0.22360679775 0.3 -0.3
0.22360679775 0.3 -0.2
0.22360679775 0.3 -0.1
0.22360679775 0.3 0.0
0.22360679775 0.3 0.1
0.22360679775 0.3 0.2
0.22360679775 0.3 0.3
0.22360679775 0.3 0.4
0.22360679775 0.3 0.5
0.22360679775 0.4 -0.5
0.22360679775 0.4 -0.4
0.22360679775 0.4 -0.3
0.22360679775 0.4 -0.2
0.22360679775 0.4 -0.1
0.22360679775 0.4 0.0
0.22360679775 0.4 0.1
0.22360679775 0.4 0.2
0.22360679775 0.4 0.3
0.22360679775 0.4 0.4
0.22360679775 0.4 0.5
0.22360679775 0.5 -0.5
0.22360679775 0.5 -0.4
0.22360679775 0.5 -0.3
0.22360679775 0.5 -0.2
0.22360679775 0.5 -0.1
0.22360679775 0.5 0.0
0.22360679775 0.5 0.1
0.22360679775 0.5 0.2
0.22360679775 0.5 0.3
0.22360679775 0.5 0.4
0.22360679775 0.5 0.5
0.316227766017 -0.5 -0.5
0.316227766017 -0.5 -0.4
0.316227766017 -0.5 -0.3
0.316227766017 -0.5 -0.2
0.316227766017 -0.5 -0.1
0.316227766017 -0.5 0.0
0.316227766017 -0.5 0.1
0.316227766017 -0.5 0.2
0.316227766017 -0.5 0.3
0.316227766017 -0.5 0.4
0.316227766017 -0.5 0.5
0.316227766017 -0.4 -0.5
0.316227766017 -0.4 -0.4
0.316227766017 -0.4 -0.3
0.316227766017 -0.4 -0.2
0.316227766017 -0.4 -0.1
0.316227766017 -0.4 0.0
0.316227766017 -0.4 0.1
0.316227766017 -0.4 0.2
0.316227766017 -0.4 0.3
0.316227766017 -0.4 0.4
0.316227766017 -0.4 0.5
0.316227766017 -0.3 -0.5
0.316227766017 -0.3 -0.4
0.316227766017 -0.3 -0.3
0.316227766017 -0.3 -0.2
0.316227766017 -0.3 -0.1
0.316227766017 -0.3 0.0
0.316227766017 -0.3 0.1
0.316227766017 -0.3 0.2
0.316227766017 -0.3 0.3
0.316227766017 -0.3 0.4
0.316227766017 -0.3 0.5
0.316227766017 -0.2 -0.5
0.316227766017 -0.2 -0.4
0.316227766017 -0.2 -0.3
0.316227766017 -0.2 -0.2
0.316227766017 -0.2 -0.1
0.316227766017 -0.2 0.0
0.316227766017 -0.2 0.1
0.316227766017 -0.2 0.2
0.316227766017 -0.2 0.3
0.316227766017 -0.2 0.4
0.316227766017 -0.2 0.5
0.316227766017 -0.1 -0.5
0.316227766017 -0.1 -0.4
0.316227766017 -0.1 -0.3
0.316227766017 -0.1 -0.2
0.316227766017 -0.1 -0.1
0.316227766017 -0.1 0.0
0.316227766017 -0.1 0.1
0.316227766017 -0.1 0.2
0.316227766017 -0.1 0.3
0.316227766017 -0.1 0.4
0.316227766017 -0.1 0.5
0.316227766017 0.0 -0.5
0.316227766017 0.0 -0.4
0.316227766017 0.0 -0.3
0.316227766017 0.0 -0.2
0.316227766017 0.0 -0.1
0.316227766017 0.0 0.0
0.316227766017 0.0 0.1
0.316227766017 0.0 0.2
0.316227766017 0.0 0.3
0.316227766017 0.0 0.4
0.316227766017 0.0 0.5
0.316227766017 0.1 -0.5
0.316227766017 0.1 -0.4
0.316227766017 0.1 -0.3
0.316227766017 0.1 -0.2
0.316227766017 0.1 -0.1
0.316227766017 0.1 0.0
0.316227766017 0.1 0.1
0.316227766017 0.1 0.2
0.316227766017 0.1 0.3
0.316227766017 0.1 0.4
0.316227766017 0.1 0.5
0.316227766017 0.2 -0.5
0.316227766017 0.2 -0.4
0.316227766017 0.2 -0.3
0.316227766017 0.2 -0.2
0.316227766017 0.2 -0.1
0.316227766017 0.2 0.0
0.316227766017 0.2 0.1
0.316227766017 0.2 0.2
0.316227766017 0.2 0.3
0.316227766017 0.2 0.4
0.316227766017 0.2 0.5
0.316227766017 0.3 -0.5
0.316227766017 0.3 -0.4
0.316227766017 0.3 -0.3
0.316227766017 0.3 -0.2
0.316227766017 0.3 -0.1
0.316227766017 0.3 0.0
0.316227766017 0.3 0.1
0.316227766017 0.3 0.2
0.316227766017 0.3 0.3
0.316227766017 0.3 0.4
0.316227766017 0.3 0.5
0.316227766017 0.4 -0.5
0.316227766017 0.4 -0.4
0.316227766017 0.4 -0.3
0.316227766017 0.4 -0.2
0.316227766017 0.4 -0.1
0.316227766017 0.4 0.0
0.316227766017 0.4 0.1
0.316227766017 0.4 0.2
0.316227766017 0.4 0.3
0.316227766017 0.4 0.4
0.316227766017 0.4 0.5
0.316227766017 0.5 -0.5
0.316227766017 0.5 -0.4
0.316227766017 0.5 -0.3
0.316227766017 0.5 -0.2
0.316227766017 0.5 -0.1
0.316227766017 0.5 0.0
0.316227766017 0.5 0.1
0.316227766017 0.5 0.2
0.316227766017 0.5 0.3
0.316227766017 0.5 0.4
0.316227766017 0.5 0.5
0.387298334621 -0.5 -0.5
0.387298334621 -0.5 -0.4
0.387298334621 -0.5 -0.3
0.387298334621 -0.5 -0.2
0.387298334621 -0.5 -0.1
0.387298334621 -0.5 0.0
0.387298334621 -0.5 0.1
0.387298334621 -0.5 0.2
0.387298334621 -0.5 0.3
0.387298334621 -0.5 0.4
0.387298334621 -0.5 0.5
0.387298334621 -0.4 -0.5
0.387298334621 -0.4 -0.4
0.387298334621 -0.4 -0.3
0.387298334621 -0.4 -0.2
0.387298334621 -0.4 -0.1
0.387298334621 -0.4 0.0
0.387298334621 -0.4 0.1
0.387298334621 -0.4 0.2
0.387298334621 -0.4 0.3
0.387298334621 -0.4 0.4
0.387298334621 -0.4 0.5
0.387298334621 -0.3 -0.5
0.387298334621 -0.3 -0.4
0.387298334621 -0.3 -0.3
0.387298334621 -0.3 -0.2
0.387298334621 -0.3 -0.1
0.387298334621 -0.3 0.0
0.387298334621 -0.3 0.1
0.387298334621 -0.3 0.2
0.387298334621 -0.3 0.3
0.387298334621 -0.3 0.4
0.387298334621 -0.3 0.5
0.387298334621 -0.2 -0.5
0.387298334621 -0.2 -0.4
0.387298334621 -0.2 -0.3
0.387298334621 -0.2 -0.2
0.387298334621 -0.2 -0.1
0.387298334621 -0.2 0.0
0.387298334621 -0.2 0.1
0.387298334621 -0.2 0.2
0.387298334621 -0.2 0.3
0.387298334621 -0.2 0.4
0.387298334621 -0.2 0.5
0.387298334621 -0.1 -0.5
0.387298334621 -0.1 -0.4
0.387298334621 -0.1 -0.3
0.387298334621 -0.1 -0.2
0.387298334621 -0.1 -0.1
0.387298334621 -0.1 0.0
0.387298334621 -0.1 0.1
0.387298334621 -0.1 0.2
0.387298334621 -0.1 0.3
0.387298334621 -0.1 0.4
0.387298334621 -0.1 0.5
0.387298334621 0.0 -0.5
0.387298334621 0.0 -0.4
0.387298334621 0.0 -0.3
0.387298334621 0.0 -0.2
0.387298334621 0.0 -0.1
0.387298334621 0.0 0.0
0.387298334621 0.0 0.1
0.387298334621 0.0 0.2
0.387298334621 0.0 0.3
0.387298334621 0.0 0.4
0.387298334621 0.0 0.5
0.387298334621 0.1 -0.5
0.387298334621 0.1 -0.4
0.387298334621 0.1 -0.3
0.387298334621 0.1 -0.2
0.387298334621 0.1 -0.1
0.387298334621 0.1 0.0
0.387298334621 0.1 0.1
0.387298334621 0.1 0.2
0.387298334621 0.1 0.3
0.387298334621 0.1 0.4
0.387298334621 0.1 0.5
0.387298334621 0.2 -0.5
0.387298334621 0.2 -0.4
0.387298334621 0.2 -0.3
0.387298334621 0.2 -0.2
0.387298334621 0.2 -0.1
0.387298334621 0.2 0.0
0.387298334621 0.2 0.1
0.387298334621 0.2 0.2
0.387298334621 0.2 0.3
0.387298334621 0.2 0.4
0.387298334621 0.2 0.5
0.387298334621 0.3 -0.5
0.387298334621 0.3 -0.4
0.387298334621 0.3 -0.3
0.387298334621 0.3 -0.2
0.387298334621 0.3 -0.1
0.387298334621 0.3 0.0
0.387298334621 0.3 0.1
0.387298334621 0.3 0.2
0.387298334621 0.3 0.3
0.387298334621 0.3 0.4
0.387298334621 0.3 0.5
0.387298334621 0.4 -0.5
0.387298334621 0.4 -0.4
0.387298334621 0.4 -0.3
0.387298334621 0.4 -0.2
0.387298334621 0.4 -0.1
0.387298334621 0.4 0.0
0.387298334621 0.4 0.1
0.387298334621 0.4 0.2
0.387298334621 0.4 0.3
0.387298334621 0.4 0.4
0.387298334621 0.4 0.5
0.387298334621 0.5 -0.5
0.387298334621 0.5 -0.4
0.387298334621 0.5 -0.3
0.387298334621 0.5 -0.2
0.387298334621 0.5 -0.1
0.387298334621 0.5 0.0
0.387298334621 0.5 0.1
0.387298334621 0.5 0.2
0.387298334621 0.5 0.3
0.387298334621 0.5 0.4
0.387298334621 0.5 0.5
0.4472135955 -0.5 -0.5
0.4472135955 -0.5 -0.4
0.4472135955 -0.5 -0.3
0.4472135955 -0.5 -0.2
0.4472135955 -0.5 -0.1
0.4472135955 -0.5 0.0
0.4472135955 -0.5 0.1
0.4472135955 -0.5 0.2
0.4472135955 -0.5 0.3
0.4472135955 -0.5 0.4
0.4472135955 -0.5 0.5
0.4472135955 -0.4 -0.5
0.4472135955 -0.4 -0.4
0.4472135955 -0.4 -0.3
0.4472135955 -0.4 -0.2
0.4472135955 -0.4 -0.1
0.4472135955 -0.4 0.0
0.4472135955 -0.4 0.1
0.4472135955 -0.4 0.2
0.4472135955 -0.4 0.3
0.4472135955 -0.4 0.4
0.4472135955 -0.4 0.5
0.4472135955 -0.3 -0.5
0.4472135955 -0.3 -0.4
0.4472135955 -0.3 -0.3
0.4472135955 -0.3 -0.2
0.4472135955 -0.3 -0.1
0.4472135955 -0.3 0.0
0.4472135955 -0.3 0.1
0.4472135955 -0.3 0.2
0.4472135955 -0.3 0.3
0.4472135955 -0.3 0.4
0.4472135955 -0.3 0.5
0.4472135955 -0.2 -0.5
0.4472135955 -0.2 -0.4
0.4472135955 -0.2 -0.3
0.4472135955 -0.2 -0.2
0.4472135955 -0.2 -0.1
0.4472135955 -0.2 0.0
0.4472135955 -0.2 0.1
0.4472135955 -0.2 0.2
0.4472135955 -0.2 0.3
0.4472135955 -0.2 0.4
0.4472135955 -0.2 0.5
0.4472135955 -0.1 -0.5
0.4472135955 -0.1 -0.4
0.4472135955 -0.1 -0.3
0.4472135955 -0.1 -0.2
0.4472135955 -0.1 -0.1
0.4472135955 -0.1 0.0
0.4472135955 -0.1 0.1
0.4472135955 -0.1 0.2
0.4472135955 -0.1 0.3
0.4472135955 -0.1 0.4
0.4472135955 -0.1 0.5
0.4472135955 0.0 -0.5
0.4472135955 0.0 -0.4
0.4472135955 0.0 -0.3
0.4472135955 0.0 -0.2
0.4472135955 0.0 -0.1
0.4472135955 0.0 0.0
0.4472135955 0.0 0.1
0.4472135955 0.0 0.2
0.4472135955 0.0 0.3
0.4472135955 0.0 0.4
0.4472135955 0.0 0.5
0.4472135955 0.1 -0.5
0.4472135955 0.1 -0.4
0.4472135955 0.1 -0.3
0.4472135955 0.1 -0.2
0.4472135955 0.1 -0.1
0.4472135955 0.1 0.0
0.4472135955 0.1 0.1
0.4472135955 0.1 0.2
0.4472135955 0.1 0.3
0.4472135955 0.1 0.4
0.4472135955 0.1 0.5
0.4472135955 0.2 -0.5
0.4472135955 0.2 -0.4
0.4472135955 0.2 -0.3
0.4472135955 0.2 -0.2
0.4472135955 0.2 -0.1
0.4472135955 0.2 0.0
0.4472135955 0.2 0.1
0.4472135955 0.2 0.2
0.4472135955 0.2 0.3
0.4472135955 0.2 0.4
0.4472135955 0.2 0.5
0.4472135955 0.3 -0.5
0.4472135955 0.3 -0.4
0.4472135955 0.3 -0.3
0.4472135955 0.3 -0.2
0.4472135955 0.3 -0.1
0.4472135955 0.3 0.0
0.4472135955 0.3 0.1
0.4472135955 0.3 0.2
0.4472135955 0.3 0.3
0.4472135955 0.3 0.4
0.4472135955 0.3 0.5
0.4472135955 0.4 -0.5
0.4472135955 0.4 -0.4
0.4472135955 0.4 -0.3
0.4472135955 0.4 -0.2
0.4472135955 0.4 -0.1
0.4472135955 0.4 0.0
0.4472135955 0.4 0.1
0.4472135955 0.4 0.2
0.4472135955 0.4 0.3
0.4472135955 0.4 0.4
0.4472135955 0.4 0.5
0.4472135955 0.5 -0.5
0.4472135955 0.5 -0.4
0.4472135955 0.5 -0.3
0.4472135955 0.5 -0.2
0.4472135955 0.5 -0.1
0.4472135955 0.5 0.0
0.4472135955 0.5 0.1
0.4472135955 0.5 0.2
0.4472135955 0.5 0.3
0.4472135955 0.5 0.4
0.4472135955 0.5 0.5
0.5 -0.5 -0.5
0.5 -0.5 -0.4
0.5 -0.5 -0.3
0.5 -0.5 -0.2
0.5 -0.5 -0.1
0.5 -0.5 0.0
0.5 -0.5 0.1
0.5 -0.5 0.2
0.5 -0.5 0.3
0.5 -0.5 0.4
0.5 -0.5 0.5
0.5 -0.4 -0.5
0.5 -0.4 -0.4
0.5 -0.4 -0.3
0.5 -0.4 -0.2
0.5 -0.4 -0.1
0.5 -0.4 0.0
0.5 -0.4 0.1
0.5 -0.4 0.2
0.5 -0.4 0.3
0.5 -0.4 0.4
0.5 -0.4 0.5
0.5 -0.3 -0.5
0.5 -0.3 -0.4
0.5 -0.3 -0.3
0.5 -0.3 -0.2
0.5 -0.3 -0.1
0.5 -0.3 0.0
0.5 -0.3 0.1
0.5 -0.3 0.2
0.5 -0.3 0.3
0.5 -0.3 0.4
0.5 -0.3 0.5
0.5 -0.2 -0.5
0.5 -0.2 -0.4
0.5 -0.2 -0.3
0.5 -0.2 -0.2
0.5 -0.2 -0.1
0.5 -0.2 0.0
0.5 -0.2 0.1
0.5 -0.2 0.2
0.5 -0.2 0.3
0.5 -0.2 0.4
0.5 -0.2 0.5
0.5 -0.1 -0.5
0.5 -0.1 -0.4
0.5 -0.1 -0.3
0.5 -0.1 -0.2
0.5 -0.1 -0.1
0.5 -0.1 0.0
0.5 -0.1 0.1
0.5 -0.1 0.2
0.5 -0.1 0.3
0.5 -0.1 0.4
0.5 -0.1 0.5
0.5 0.0 -0.5
0.5 0.0 -0.4
0.5 0.0 -0.3
0.5 0.0 -0.2
0.5 0.0 -0.1
0.5 0.0 0.0
0.5 0.0 0.1
0.5 0.0 0.2
0.5 0.0 0.3
0.5 0.0 0.4
0.5 0.0 0.5
0.5 0.1 -0.5
0.5 0.1 -0.4
0.5 0.1 -0.3
0.5 0.1 -0.2
0.5 0.1 -0.1
0.5 0.1 0.0
0.5 0.1 0.1
0.5 0.1 0.2
0.5 0.1 0.3
0.5 0.1 0.4
0.5 0.1 0.5
0.5 0.2 -0.5
0.5 0.2 -0.4
0.5 0.2 -0.3
0.5 0.2 -0.2
0.5 0.2 -0.1
0.5 0.2 0.0
0.5 0.2 0.1
0.5 0.2 0.2
0.5 0.2 0.3
0.5 0.2 0.4
0.5 0.2 0.5
0.5 0.3 -0.5
0.5 0.3 -0.4
0.5 0.3 -0.3
0.5 0.3 -0.2
0.5 0.3 -0.1
0.5 0.3 0.0
0.5 0.3 0.1
0.5 0.3 0.2
0.5 0.3 0.3
0.5 0.3 0.4
0.5 0.3 0.5
0.5 0.4 -0.5
0.5 0.4 -0.4
0.5 0.4 -0.3
0.5 0.4 -0.2
0.5 0.4 -0.1
0.5 0.4 0.0
0.5 0.4 0.1
0.5 0.4 0.2
0.5 0.4 0.3
0.5 0.4 0.4
0.5 0.4 0.5
0.5 0.5 -0.5
0.5 0.5 -0.4
0.5 0.5 -0.3
0.5 0.5 -0.2
0.5 0.5 -0.1
0.5 0.5 0.0
0.5 0.5 0.1
0.5 0.5 0.2
0.5 0.5 0.3
0.5 0.5 0.4
0.5 0.5 0.5
