0.292028 0.008981 -0.291711
0.216514 0.024178 -0.220530
0.306551 -0.080397 -0.252918
0.388176 0.039967 -0.265331
0.471317 0.122379 -0.302900
0.376482 0.090658 -0.209401
0.188495 -0.025615 -0.249631
0.428273 0.137862 -0.202262
0.119332 -0.003748 -0.178217
0.397338 0.260640 -0.255510
0.050201 -0.048034 -0.271282
0.214147 0.023725 -0.304829
0.327897 0.206436 -0.184996
0.350470 0.160757 -0.236575
0.337295 0.089612 -0.289430
0.352846 -0.140653 -0.280199
0.369811 0.007188 -0.198679
0.364882 -0.099345 -0.218128
0.254948 -0.236100 -0.276487
0.446524 0.082113 -0.147902
0.257924 -0.125307 -0.289967
0.358370 -0.042733 -0.298894
0.460045 0.243083 -0.347182
0.384810 0.319062 -0.314905
0.350899 0.067856 -0.117900
0.276491 0.170067 -0.247168
0.100813 -0.098931 -0.171595
0.355792 0.365083 -0.265293
0.452539 0.222070 -0.227566
0.489674 0.149449 -0.038684
0.159875 -0.169483 -0.155999
0.491895 0.181033 -0.267549
0.451587 0.016555 -0.246952
0.384444 0.240445 -0.322836
0.435736 0.398332 -0.253977
0.440044 0.107623 -0.072661
0.499876 0.055310 -0.317665
-0.009238 0.003253 -0.304504
0.449671 0.448074 -0.331507
0.086434 0.043125 -0.361776
0.427750 0.048745 -0.024499
0.315747 0.230106 -0.255487
0.272468 -0.060447 -0.158230
0.237483 0.244816 -0.278520
0.393551 0.107772 -0.018355
0.293146 0.289003 -0.187670
0.320029 0.125871 -0.181859
0.005948 -0.007210 -0.233512
0.419452 0.259602 -0.176731
0.221725 0.347639 -0.156917
0.406302 0.499937 -0.236014
0.050339 -0.225380 -0.175638
-0.043485 0.066961 -0.419450
0.318807 -0.073077 -0.391566
0.337506 0.158691 -0.079759
0.430228 -0.092708 -0.173294
0.472269 -0.107683 -0.235676
0.344498 0.026548 -0.335162
0.478690 0.335100 -0.277455
0.178077 0.176164 -0.275715
0.495443 0.154249 -0.190406
0.254263 0.082965 -0.251367
0.398988 0.159381 -0.286106
0.336087 0.229497 -0.358505
0.217126 0.108979 -0.302495
0.392437 0.189102 -0.118413
0.499557 0.044097 -0.094642
0.269021 0.089965 -0.104163
0.383035 0.132841 -0.146645
0.260945 0.139924 -0.054834
0.182366 -0.291073 -0.280399
0.287968 0.350524 -0.200037
0.498515 0.097460 -0.222242
0.287794 0.285086 -0.110418
0.106445 0.159601 -0.211761
0.437857 0.003026 -0.114581
0.486489 0.380228 -0.332941
0.255493 -0.042451 -0.338078
0.377406 0.404802 -0.403568
0.245762 0.225643 -0.170466
0.294342 0.203207 -0.019782
0.342425 0.093384 0.073028
0.259665 0.266796 -0.383668
0.376194 0.427978 -0.270554
0.476192 0.386270 -0.196723
0.472183 0.243440 -0.157245
0.342657 0.462133 -0.323917
0.458518 0.164786 -0.136182
0.468217 0.404139 -0.097751
0.053816 0.125833 -0.317136
0.467008 0.473949 -0.075626
0.255924 0.176258 -0.173843
0.373992 0.140241 -0.356084
0.197560 0.298500 -0.159932
0.170148 0.140650 -0.344137
0.407945 0.260566 -0.095330
0.217475 0.467191 -0.169688
0.330364 -0.003395 0.011320
0.416068 0.014788 0.021106
-0.025094 -0.272193 -0.184342
0.297996 0.199762 0.083482
0.416409 -0.145007 -0.338045
0.132630 0.259803 -0.224555
0.440204 0.347192 -0.132812
0.210548 0.029457 -0.133063
0.214618 0.166699 -0.046663
0.372528 -0.087808 0.085969
0.303143 0.013596 -0.422062
0.382256 -0.186923 -0.231283
0.225589 0.078760 -0.042450
0.266861 0.181476 -0.077262
0.374943 -0.020635 -0.068536
0.298274 0.002688 -0.141906
0.462640 -0.053891 -0.040014
0.133737 0.468339 -0.193790
0.233393 0.115279 -0.415579
0.494416 -0.172424 -0.278354
0.375089 -0.055693 -0.438302
0.454984 0.302756 -0.397169
0.198119 0.137463 -0.169330
0.454006 0.303576 -0.336042
0.203005 0.187982 -0.124579
0.243792 -0.019680 -0.427421
0.479658 0.459698 -0.248930
0.427872 -0.054201 0.043271
0.418011 0.048760 -0.425248
0.414263 0.084729 0.118198
0.070532 0.196718 -0.330375
-0.012820 -0.091772 -0.284495
0.468690 -0.005478 0.141828
0.210554 -0.078247 -0.159355
0.187501 -0.237139 -0.227989
0.406317 0.397904 -0.179437
0.244859 -0.149182 -0.060504
0.383459 0.304987 -0.151462
0.263317 -0.057131 0.077848
0.316330 0.043904 -0.055727
0.325672 0.460938 -0.223864
0.342213 -0.231699 -0.302223
-0.031343 -0.292272 -0.251404
0.343143 -0.131122 -0.157943
0.175154 0.208654 -0.429961
0.327488 0.226244 -0.090431
0.300104 0.157822 -0.309991
0.460246 0.360322 -0.036080
0.189635 -0.062986 -0.348488
0.154702 0.068986 -0.222458
0.190922 0.222900 -0.005602
0.491815 0.234749 -0.047570
0.453047 -0.245707 -0.316066
-0.104710 -0.181061 -0.334441
0.404081 -0.001777 -0.495802
0.161114 0.099236 -0.112258
0.449185 0.328915 -0.212492
0.274029 0.011199 -0.221797
0.376384 0.056799 -0.019954
0.414430 0.198535 -0.006843
0.399283 -0.213292 -0.408368
0.465354 -0.090192 -0.495096
0.337148 -0.173185 -0.377068
0.126167 0.286501 -0.087451
0.474821 -0.040515 -0.325642
0.461072 -0.221726 -0.161196
0.282032 0.068803 0.124620
0.188755 -0.137762 -0.399738
0.424191 0.105507 -0.355098
0.352275 -0.319099 -0.324244
0.303995 0.179573 -0.420670
0.397220 0.204436 -0.401616
0.363344 0.099923 -0.411798
-0.098882 0.020882 -0.493846
0.421676 0.156868 -0.448619
0.315498 0.414752 -0.120549
0.300743 -0.194087 -0.216543
0.128500 -0.230943 -0.151938
0.164357 -0.254799 -0.076426
0.339243 0.318478 -0.072051
0.364184 0.014655 -0.138848
0.494561 0.246499 -0.412093
0.135332 0.463647 -0.268673
0.234523 -0.248205 -0.370523
0.374380 0.121839 -0.469004
0.050067 0.220148 -0.177260
0.385350 -0.167719 -0.105096
0.359796 -0.059193 -0.150274
0.267127 0.061568 -0.171562
0.201648 0.059932 -0.445816
0.300627 -0.276024 -0.405045
0.273064 -0.124575 -0.376234
0.377577 0.291230 0.007149
0.316520 -0.059670 -0.034144
0.477572 0.481019 -0.182024
0.222606 -0.087342 -0.078965
0.207399 0.277393 -0.220571
0.313376 -0.112326 -0.084129
0.412598 -0.264255 -0.250716
0.433146 0.261121 0.015943
0.166506 -0.045877 -0.437853
0.357993 0.342429 -0.015458
0.468029 -0.281650 -0.485890
0.462993 0.436890 -0.391403
0.406122 0.483747 -0.130460
-0.123943 -0.273659 -0.340835
0.328882 -0.166145 -0.421214
0.322984 -0.127219 -0.499132
0.450871 -0.049057 -0.380841
0.231828 -0.253195 -0.175092
0.381983 0.409302 -0.000496
0.276130 -0.116794 -0.200296
0.401024 0.380661 -0.079990
0.196605 0.205180 -0.219847
0.359370 0.326663 -0.218699
0.303959 0.079648 -0.378412
0.121308 0.402629 -0.130738
0.035611 -0.144767 -0.103492
0.251169 -0.162717 -0.479530
0.379964 -0.074149 0.000811
0.171729 -0.167399 -0.307075
0.138506 -0.141216 -0.250612
0.362109 0.166410 0.116074
0.474994 0.449002 0.001225
0.193562 0.303495 -0.294514
0.389556 -0.267131 -0.358138
0.440673 0.255437 -0.459367
0.103324 0.350666 -0.175488
0.350714 0.263535 0.138500
0.464334 0.020947 -0.381711
0.181149 0.281995 -0.064302
0.100136 -0.041975 -0.108071
-0.126957 -0.285202 -0.265662
0.425408 -0.351925 -0.210082
0.344755 0.161417 0.006160
0.224157 -0.032032 -0.019424
0.439764 -0.106348 0.075511
0.125833 -0.183591 -0.425424
0.344285 0.231107 -0.461949
0.274892 0.105390 0.028476
0.223150 -0.180454 -0.356325
0.418399 -0.112609 -0.273508
0.269541 -0.068083 -0.481493
0.488876 -0.107802 -0.399133
-0.011763 -0.182093 -0.280562
-0.101385 0.011326 -0.392530
0.248220 0.435753 -0.282823
0.397315 -0.132126 -0.464936
0.266548 0.326232 -0.341815
0.239474 0.186869 -0.351015
0.180193 -0.160210 -0.463596
0.468775 0.148792 0.027960
0.228088 0.175271 0.045306
0.318860 -0.118920 0.134685
0.385700 0.283378 -0.402603
0.258806 0.119460 -0.469465
0.296196 0.016667 -0.356061
0.297710 -0.330121 -0.296444
0.037039 -0.019339 -0.041458
0.315037 0.306991 -0.299740
0.324762 0.456904 -0.388656
0.495918 -0.050878 -0.103287
0.428912 0.175233 0.157151
0.489263 -0.185077 -0.219734
0.379019 0.293225 -0.490766
0.175252 0.047785 -0.060063
0.269085 -0.078068 0.170092
0.170695 -0.054898 -0.033255
0.267877 0.280632 -0.470198
0.245262 0.214663 -0.460891
0.475512 0.066987 -0.438271
0.449277 -0.299943 -0.418749
-0.040380 0.149799 -0.485339
0.295796 -0.368359 -0.370853
0.315749 0.067513 -0.468141
0.404962 -0.186262 -0.473143
0.140003 -0.281599 -0.365182
0.333886 0.322130 -0.377080
0.143792 -0.079417 -0.289080
0.025915 -0.042024 0.079321
0.480856 0.375541 -0.401806
0.391782 -0.140348 -0.007514
0.179672 0.343152 -0.412012
0.073940 0.262368 -0.318987
0.122344 0.212800 -0.027524
0.250970 0.213772 -0.414540
0.326984 0.483232 -0.156199
0.499449 -0.031462 -0.427845
0.161839 0.289072 -0.474904
0.376299 0.476982 -0.030701
0.318474 0.266144 -0.023312
0.438097 0.139964 0.236056
0.034487 0.139372 -0.201953
0.332939 0.015657 -0.493452
0.300475 -0.221416 -0.484802
0.471943 -0.113924 -0.002722
0.039393 0.335330 -0.104075
0.279284 0.437084 -0.470576
-0.005680 0.037183 -0.493176
0.434205 -0.212766 -0.012231
0.087189 -0.091647 -0.451862
0.421096 0.321256 -0.492105
0.267778 0.490314 -0.345377
0.162528 0.301735 -0.356496
-0.028180 -0.187903 -0.200290
-0.001936 -0.060834 0.006246
0.127973 -0.125481 -0.365974
0.417313 0.466571 0.020437
0.292922 0.368770 -0.469958
0.287713 -0.142604 0.204699
0.265735 0.388297 -0.415254
0.413265 -0.277303 -0.463048
0.330581 0.331951 0.082924
0.174531 0.009466 -0.369625
0.329050 0.484918 -0.093780
0.052375 -0.355892 -0.317473
0.332861 -0.166067 -0.007263
0.256177 -0.302107 -0.342026
0.228223 -0.400784 -0.315717
0.067420 0.482320 -0.340692
0.498927 -0.145370 0.140559
0.496789 -0.017142 0.026047
0.422781 0.005852 -0.319269
-0.052944 -0.231796 -0.079043
0.311845 0.398504 -0.307926
0.039578 0.236795 -0.251305
0.357624 0.457915 -0.470113
0.395324 -0.158558 0.107263
0.190510 -0.175072 -0.226239
0.081961 0.361548 -0.377555
0.214555 -0.324399 -0.074582
0.468557 0.318682 0.053276
0.240017 0.428449 -0.054532
0.247429 0.413893 -0.101868
-0.093137 -0.067808 -0.271459
0.154509 0.191117 0.120733
0.283097 0.352284 -0.100898
0.489020 0.065309 0.023048
0.070265 -0.143781 -0.001583
0.090131 0.161150 -0.400356
0.128065 0.237114 -0.370119
0.382743 -0.135248 -0.384722
0.084794 0.279010 -0.463589
0.043439 0.213341 -0.096305
0.264533 -0.348182 -0.455002
0.263362 0.423436 -0.198592
0.231528 0.498797 -0.051719
0.093507 0.101787 -0.250046
0.460212 -0.190919 -0.492702
0.086355 0.031784 -0.234680
0.442211 -0.129095 0.195637
0.242926 0.331878 -0.057771
0.371971 0.000624 -0.385495
0.065605 0.482454 -0.157510
0.223888 0.028786 0.131923
0.467637 0.291349 -0.096520
0.253378 0.485215 -0.101966
0.468191 0.470397 0.060643
0.360618 0.083403 0.265385
0.479102 -0.157938 -0.345820
0.283534 0.339678 0.026880
0.150267 0.235909 -0.154678
0.042021 -0.129518 -0.376657
-0.020783 0.277361 -0.054806
0.478062 0.162177 -0.381284
-0.069038 -0.130676 -0.217664
-0.102874 0.059203 -0.215050
0.203112 0.007790 0.050545
-0.153070 -0.021874 -0.474251
-0.036353 -0.344095 -0.067696
0.087207 0.051874 -0.142683
0.200693 0.492829 -0.385077
0.413709 -0.227358 0.204419
-0.052774 -0.050460 -0.372726
0.344990 0.374607 -0.486183
0.477787 0.425305 -0.478159
0.142586 -0.106514 0.026648
0.269106 0.258764 0.042034
0.309059 0.388292 0.040102
0.172284 0.148988 0.037332
0.074449 -0.075485 -0.040905
0.246152 0.022146 -0.484822
0.072326 0.428981 -0.426227
0.278488 -0.023119 -0.093906
0.117472 0.013038 -0.028580
0.201344 0.122277 0.178814
0.357783 -0.355018 -0.453629
-0.006144 -0.313608 -0.360364
0.308552 0.421247 0.177587
0.169115 0.490626 -0.090514
0.374991 -0.347115 -0.241664
0.215415 0.417246 -0.457616
-0.008611 0.269079 -0.308900
0.102144 0.231098 0.039683
0.410756 0.120682 0.050096
0.475515 -0.031821 -0.167600
0.486882 -0.386643 -0.493987
0.170198 -0.395042 -0.412502
0.379215 -0.277391 -0.000797
-0.009084 -0.097481 -0.415499
0.168352 -0.331176 -0.163308
0.490194 -0.308687 -0.355517
-0.049563 -0.137567 -0.079987
0.129080 0.399704 -0.267314
0.419137 0.398067 0.064253
0.457279 -0.318874 0.150784
0.016565 0.228241 -0.422346
0.216927 0.308149 0.051807
0.313224 0.027489 0.068006
0.155617 -0.075568 -0.208344
-0.068902 -0.038375 -0.199954
0.496074 0.310509 -0.473641
0.220530 0.494882 0.019370
0.139292 -0.007987 -0.308200
0.142135 0.143381 -0.098378
0.248442 -0.272901 -0.108521
-0.153996 0.066072 -0.396984
0.065886 -0.191251 -0.357796
0.230546 0.359485 -0.275501
0.450638 0.118325 -0.499652
0.027349 0.422573 -0.160805
0.097661 0.275171 -0.150543
-0.181184 -0.113260 -0.225940
0.315948 0.168379 0.216048
0.291919 0.475707 0.046204
0.082356 -0.096695 -0.225873
0.326338 -0.412606 -0.199266
0.444365 0.250896 0.087841
-0.076174 -0.011051 -0.268158
0.144893 0.378442 0.003149
0.419787 0.438428 -0.494376
0.469422 0.116621 0.131696
0.388687 -0.404218 -0.408075
0.448241 -0.175173 0.313284
0.105890 0.112406 -0.154608
0.377249 -0.147192 0.234500
0.090012 -0.266678 -0.091349
0.013714 0.092049 -0.255487
0.100638 -0.242923 -0.242501
0.345629 -0.226858 0.289743
0.230385 -0.295152 -0.489836
0.309719 -0.102670 0.050116
0.498171 0.013425 -0.029503
-0.149122 -0.039954 -0.344478
0.477827 -0.346512 -0.437449
-0.143284 -0.118446 -0.387121
0.116595 0.371329 -0.068239
0.369880 -0.170531 0.057310
0.155406 -0.213137 -0.363595
-0.175914 -0.157472 -0.338059
0.324201 -0.201944 -0.134642
0.209592 -0.235484 -0.446320
0.407415 -0.099692 -0.075551
0.393425 -0.251569 -0.062530
0.342567 0.187637 0.304373
0.136262 -0.264172 -0.299127
0.426050 -0.088215 -0.338019
0.337577 0.418371 -0.046619
0.360615 0.490791 0.053465
0.203682 -0.136069 0.064954
0.210624 0.416892 -0.171106
0.414497 -0.175430 -0.169248
0.009749 0.347930 -0.455367
0.163619 0.224586 -0.276016
0.275102 -0.482087 -0.334304
0.497701 -0.301333 -0.173839
0.358815 0.235774 0.241585
0.048194 -0.003215 -0.176400
0.179020 0.419812 0.118490
0.406859 0.291128 0.283061
-0.012159 0.194488 -0.369094
0.483612 -0.160803 0.058119
0.452281 -0.144450 -0.068932
-0.061491 -0.207779 -0.388968
0.340102 0.419227 -0.211284
0.086454 0.136696 -0.063742
0.488003 0.494169 -0.442059
0.391031 0.490930 -0.384291
0.129568 -0.144918 -0.088281
0.055786 -0.198926 -0.278108
0.112158 -0.301241 -0.470834
0.468261 -0.417158 -0.418772
0.247843 -0.205074 -0.106837
0.185312 0.428135 -0.318367
0.198897 0.259104 -0.344707
0.483994 -0.221918 -0.430963
-0.071209 0.453555 -0.142010
0.257939 -0.083913 0.267460
0.094909 0.325701 -0.295855
0.497969 -0.482128 -0.411992
0.255139 0.053801 0.031317
0.096797 -0.029612 -0.403580
0.117423 0.005774 -0.466295
0.114909 0.084255 -0.431972
0.278192 -0.427076 -0.469596
0.309944 -0.262721 -0.191040
0.446624 -0.343942 -0.302092
0.461850 0.378698 0.116305
0.025626 0.073241 -0.062061
-0.032760 -0.160983 -0.014546
-0.069223 -0.230720 -0.244473
0.223360 -0.181935 0.163769
0.071633 -0.216429 -0.079935
-0.063811 0.367558 -0.123941
0.177832 0.348866 -0.217258
0.204322 -0.338823 -0.378785
0.492380 -0.249614 0.081832
-0.012765 -0.094047 -0.161847
0.103311 -0.175617 -0.490537
0.043922 -0.069401 -0.105901
0.151745 -0.365065 -0.060178
-0.122604 -0.095791 0.008665
0.176278 -0.117754 -0.041490
-0.144222 -0.190238 -0.390073
-0.150225 0.082524 -0.482761
0.149215 0.086752 0.036678
-0.186458 -0.248187 -0.347965
-0.028978 0.015788 -0.077731
-0.062171 -0.328599 -0.306385
0.201941 -0.451417 -0.087496
0.391922 -0.429490 -0.491508
-0.040952 0.401407 -0.335792
0.492509 -0.100687 -0.306398
0.390605 -0.422322 -0.158700
0.043286 0.416388 -0.325315
0.318414 -0.475768 -0.140102
0.087175 0.334881 -0.223418
0.487663 -0.049261 0.089280
0.259760 -0.304905 -0.171649
0.275008 -0.224485 0.239802
0.477689 0.210993 -0.497960
0.192632 0.143757 -0.476742
0.182264 0.495886 -0.235424
0.370752 -0.287290 0.313690
-0.090701 -0.128906 -0.442004
0.458582 -0.277456 -0.093760
0.012226 -0.191086 0.070310
0.107704 0.102322 -0.342246
0.362356 0.062215 0.176959
0.489615 -0.126117 -0.154330
-0.194777 -0.353317 -0.280972
-0.000581 -0.271207 -0.132016
-0.011194 -0.080299 -0.495286
0.417432 -0.414780 -0.304486
0.326680 -0.393041 -0.310424
0.187457 0.460668 -0.455992
0.495258 -0.040399 -0.226460
0.141485 -0.102809 0.207956
0.043699 0.113740 -0.013998
0.422906 -0.055310 -0.236684
0.089083 0.184991 0.138728
0.239826 -0.323098 -0.223491
0.412573 -0.279433 -0.175221
0.157246 0.381993 -0.487840
0.040834 0.418602 -0.050068
-0.128744 0.014345 -0.306335
0.339467 -0.066015 0.230609
0.078876 -0.343077 -0.028740
0.152424 0.206030 -0.499614
-0.044515 0.063936 -0.201481
0.032648 -0.059243 -0.369229
0.362488 -0.324073 -0.150912
0.318813 -0.391973 -0.097820
0.045145 -0.283796 -0.263928
0.440948 0.027807 0.086879
-0.022296 -0.141508 -0.444800
0.343051 0.252933 0.067600
0.174656 -0.197807 0.053371
0.127351 -0.467951 -0.144560
0.055827 0.024040 0.025910
0.165948 0.345517 -0.141046
0.175941 -0.153132 0.347151
-0.054354 0.195554 -0.028574
0.124814 -0.231112 0.116695
0.002296 0.109108 -0.133236
0.253374 0.332627 0.109936
0.432687 0.171758 0.095995
0.482465 -0.361332 -0.096381
0.297359 -0.230889 -0.057960
0.019060 -0.013106 -0.432216
0.499963 -0.196536 -0.052283
0.276912 -0.242349 0.111027
0.421434 -0.194646 0.055429
0.160671 0.498038 -0.006454
0.133963 0.411279 -0.358567
0.043830 0.002492 -0.107162
-0.113665 -0.088981 -0.166047
-0.062726 -0.078861 -0.486000
-0.159279 -0.161114 -0.451873
0.327018 -0.031669 0.065072
0.411303 0.315358 0.126972
0.365002 -0.051191 0.141349
-0.016240 -0.340023 -0.158534
0.312945 0.029786 0.282297
-0.025952 -0.109427 0.068837
-0.022144 0.128163 -0.047551
0.410683 0.440039 0.171777
0.054140 -0.320959 -0.178420
0.255572 0.092177 0.249194
0.184367 0.085579 -0.371346
-0.129401 0.053217 -0.139621
0.318166 -0.002047 0.204697
0.002155 0.212610 0.165595
0.075179 0.181168 -0.488201
0.334892 0.362087 0.197136
0.324863 -0.262252 -0.119177
0.244857 -0.382910 -0.026614
0.177085 0.416128 -0.078128
0.257278 -0.473431 -0.043686
0.090445 0.347410 -0.468426
-0.075812 0.237584 -0.418761
0.083915 0.280598 -0.413049
0.411514 -0.227877 0.128704
0.464443 0.091065 0.308085
-0.029000 0.142613 -0.294315
0.169097 -0.244954 0.000161
0.041733 0.100517 -0.488157
0.100385 0.434888 0.026423
0.347336 0.285351 0.187459
0.475568 -0.432208 -0.239045
0.479059 -0.069557 0.174368
0.489981 -0.273678 -0.222767
0.331897 0.296314 -0.422989
0.096128 0.076864 -0.098304
0.454117 0.256734 0.198149
-0.102079 -0.179109 0.055090
0.464764 0.207946 0.246507
-0.050706 -0.122926 0.139044
0.457331 -0.009385 0.216987
0.072523 -0.241627 -0.446804
-0.128274 -0.313324 -0.177396
0.281242 0.271166 0.150920
-0.135932 0.190831 -0.309219
0.221545 0.313355 -0.421314
0.201042 -0.055682 0.160351
0.050011 -0.371694 -0.095537
0.217404 0.363747 -0.356166
0.037846 0.307169 -0.027240
0.243789 0.237528 0.216787
0.337154 -0.437391 -0.431445
0.090451 -0.137520 -0.303344
0.204889 0.282299 0.115149
0.167684 -0.303450 0.004910
0.464498 0.311254 0.144960
0.493476 0.361890 0.191767
0.338796 -0.278728 -0.253927
0.159239 -0.467906 -0.413850
-0.029697 -0.233887 -0.323281
0.071683 0.441045 -0.248276
-0.009891 0.145814 0.031113
0.122730 0.059686 -0.303331
0.010439 -0.243401 -0.399043
0.111938 -0.331990 -0.243474
0.127051 -0.199276 -0.036506
-0.142379 -0.025423 -0.169979
0.343102 0.096337 0.335559
0.221153 -0.395199 -0.172547
0.486257 0.470911 0.156095
0.062569 0.361560 0.009018
0.227885 -0.407772 -0.389343
0.110552 -0.022080 -0.253268
0.193993 -0.061844 0.059055
0.006761 0.388424 -0.259997
0.150461 0.337713 0.108189
0.023950 0.169729 -0.435383
-0.134298 -0.393455 -0.277466
0.330411 -0.112586 0.340048
0.208850 0.090627 0.075511
0.438436 -0.475888 -0.450474
-0.003731 -0.205949 -0.486875
0.012083 0.373152 -0.196358
0.325296 0.455723 0.273157
0.227874 -0.319041 0.015239
-0.058946 -0.146918 -0.332548
0.349899 0.399093 0.113197
0.165724 -0.382896 -0.273446
0.417195 -0.054768 0.298265
0.401971 0.339859 -0.066050
0.082281 -0.181647 0.154870
0.404153 0.340010 0.053100
0.172841 0.256785 0.200718
0.475175 -0.263874 0.019924
-0.150344 -0.045995 -0.249723
-0.246749 -0.109202 -0.438463
0.315548 -0.288911 -0.475458
0.064940 0.052438 -0.488480
0.058757 -0.174087 -0.437838
0.341567 -0.498560 -0.372539
0.394118 0.478104 0.111211
-0.093934 -0.186024 -0.464678
-0.044582 -0.048052 -0.117435
-0.053536 -0.378503 -0.420919
0.090199 0.495997 -0.490403
-0.072139 -0.286157 -0.470068
0.227581 -0.145430 0.012176
0.205898 -0.479554 -0.465502
0.165041 -0.190234 0.242750
0.099315 -0.244238 0.012964
0.018826 0.273664 0.129354
0.219782 0.169964 0.234426
-0.057136 0.145841 -0.210062
0.137227 -0.259985 0.341951
0.419142 -0.337056 -0.498578
0.289367 -0.378075 -0.149129
0.211812 0.369232 0.207708
0.135805 0.013919 0.023766
0.221497 -0.001749 0.263386
0.323774 -0.192748 0.134181
0.135901 -0.022205 0.124333
0.152604 0.120475 0.120539
0.129316 -0.112353 0.111714
0.108528 0.288637 -0.015271
0.260409 0.401292 0.102197
0.022647 0.341016 -0.310798
0.151342 0.033272 0.217391
0.392898 0.375234 0.194971
-0.035660 0.192131 -0.150395
0.100541 0.070446 -0.011542
0.369450 -0.028062 0.390377
0.117996 0.436293 -0.026843
0.447637 0.018380 0.324788
0.383056 -0.162863 0.385215
0.277700 -0.201194 0.366720
0.304002 -0.426502 -0.367921
0.418518 -0.461867 -0.265462
0.467550 -0.417365 -0.347721
0.083583 -0.294226 -0.388182
-0.248229 -0.256643 -0.284020
0.497605 0.103182 0.180283
0.433565 -0.170192 0.258269
0.161754 -0.415800 -0.157120
0.098637 -0.249989 0.183125
0.497346 0.197894 0.102036
0.134672 0.380285 0.079450
-0.227492 0.013738 -0.316998
-0.011750 -0.433290 -0.049624
0.403980 0.006904 0.261361
-0.174082 -0.127485 -0.122500
-0.183055 -0.215368 0.144764
-0.252554 0.095307 -0.487765
0.148489 -0.421945 -0.470521
-0.038015 0.392628 0.068214
-0.217675 -0.261561 -0.442616
0.410212 -0.287361 0.080145
0.382435 -0.332222 0.186138
-0.060449 0.469839 -0.338559
0.385558 -0.085369 0.435492
0.256470 -0.234513 0.052017
0.159425 -0.378568 0.058588
0.468566 0.304897 0.266424
0.406794 0.152994 0.381351
0.262795 -0.098831 -0.010754
0.120813 -0.056945 0.055294
-0.009150 0.272408 -0.199289
-0.089007 0.082329 -0.013729
0.222389 -0.457590 -0.260657
0.244615 -0.480905 -0.142233
0.019706 -0.195773 -0.054815
0.341063 -0.262537 0.224373
0.329439 0.491375 0.209295
0.455338 0.484312 0.230378
0.099857 -0.443938 -0.074874
-0.105014 0.347852 -0.323850
0.283735 -0.377246 0.198935
0.098013 -0.142186 -0.162185
0.088650 0.054183 0.100056
0.296293 -0.462162 -0.214219
0.055325 0.254496 -0.031241
0.303992 0.499688 0.131290
0.281209 -0.174454 0.068943
0.345523 -0.353757 -0.381787
-0.222275 -0.026041 -0.413016
-0.007480 0.483326 -0.357993
0.293107 -0.012868 0.130175
0.243103 0.492449 0.116159
-0.205056 -0.455957 -0.366490
0.311686 -0.369997 0.072571
0.494815 0.053580 0.229712
0.157497 0.126505 0.317238
-0.022892 0.338787 0.096470
-0.163106 -0.094344 -0.475869
0.194958 -0.499881 0.011228
0.081425 -0.384533 -0.465421
0.091604 0.263295 0.134417
-0.254494 -0.211524 -0.344635
-0.061503 0.080043 -0.280742
0.286332 0.092049 0.302273
0.214957 0.398344 0.047862
0.382849 -0.151999 0.317384
0.100404 -0.373356 -0.130787
0.179888 -0.304619 -0.496851
0.252102 0.182371 0.167311
-0.245518 -0.035543 -0.167701
-0.099088 -0.348612 -0.104330
0.157307 -0.047700 0.322944
0.464460 -0.173552 -0.414396
0.242265 0.002344 0.207289
-0.168891 -0.180656 -0.189735
-0.174836 -0.057773 -0.417803
-0.138625 -0.303045 -0.440292
0.057682 0.074952 -0.422450
0.140248 0.317519 0.052477
-0.068978 -0.004631 0.023734
-0.306679 0.153567 -0.454082
0.494794 0.477292 -0.139394
0.205650 -0.130851 0.247709
-0.015808 0.081875 -0.335816
0.413881 0.192812 0.236255
0.096962 -0.377029 -0.419185
0.452287 -0.404035 -0.050683
-0.007455 0.465070 -0.286012
-0.193878 0.235007 -0.417491
0.497988 -0.036818 0.329129
0.020395 0.305455 -0.383340
0.175920 -0.324020 -0.429257
0.475085 0.445102 0.290510
0.489945 -0.495222 -0.312511
-0.208209 -0.307245 -0.332979
-0.230884 -0.076077 -0.325733
0.165691 0.466615 0.074790
-0.052259 0.499247 -0.235502
0.437024 -0.226781 0.275088
0.387632 -0.377781 -0.058987
0.479380 -0.340500 -0.254696
0.018452 0.414201 -0.480886
0.095127 -0.083408 0.184288
-0.097255 0.152820 -0.063461
0.184819 -0.235172 0.127000
-0.092554 0.343118 -0.013684
-0.259940 -0.166817 -0.273881
0.365226 0.237305 0.391292
-0.066899 -0.319505 -0.382363
0.175897 -0.426156 0.000958
0.470623 -0.326340 -0.031093
-0.136449 -0.261181 -0.127443
-0.312904 -0.217010 -0.403275
0.034731 -0.147738 -0.231730
0.060731 0.449001 0.167945
0.309758 -0.280658 0.004455
-0.193474 0.008092 -0.204375
0.212123 -0.010725 0.355249
-0.170629 0.065098 -0.263653
-0.013590 -0.289425 0.009954
0.102216 0.140167 0.033323
0.267236 0.173926 0.322716
0.413819 0.016790 0.148296
-0.170963 -0.129782 0.080853
0.304491 0.465157 -0.027250
0.079394 -0.399590 -0.238847
0.231048 -0.374277 0.121910
0.124610 0.491053 -0.384706
0.074147 -0.166994 0.060156
0.047684 -0.305888 0.107351
-0.117929 -0.131605 -0.298570
0.405667 -0.466218 -0.356670
0.451759 -0.079320 0.386553
-0.091368 0.113705 -0.353376
-0.148201 -0.243172 -0.443270
-0.030148 0.276298 -0.475757
0.417216 0.432405 0.298987
0.268625 -0.002395 0.372063
-0.122795 -0.020071 -0.099361
-0.106750 0.176043 0.022704
-0.087544 -0.315143 0.023229
0.304049 -0.123947 0.453173
0.193796 0.059277 0.381072
0.468269 0.210001 0.303764
0.459407 -0.490044 -0.133949
0.298907 0.065550 0.432370
-0.153401 -0.256351 0.041626
-0.075169 0.263917 -0.141479
0.016967 0.187378 -0.023658
-0.141453 -0.386562 -0.432052
0.451385 -0.394655 0.300398
-0.287498 -0.313058 -0.457503
0.489086 -0.385230 -0.186412
0.424921 0.379525 -0.447726
0.468625 -0.301676 0.248157
0.255762 0.135740 0.116166
0.261273 -0.396260 -0.249834
0.057390 0.285234 0.022599
0.338964 -0.349089 -0.017263
-0.099953 0.329881 -0.397475
-0.066044 -0.056588 0.123111
0.237830 -0.472554 -0.399580
0.496587 0.301868 -0.140493
-0.283485 0.036459 -0.258865
0.427640 0.034562 0.466794
0.141415 -0.374887 -0.477553
0.078842 -0.476651 -0.454628
0.158044 0.015333 0.443048
-0.119400 0.206539 -0.183022
0.023623 -0.131423 0.131171
-0.007049 -0.029596 0.173021
0.405491 -0.413103 -0.250555
0.067518 0.351762 0.105584
0.013176 0.022971 0.099152
0.237428 0.127560 0.477868
0.247641 -0.022368 0.432102
-0.300414 -0.093308 -0.456788
-0.068508 -0.299808 -0.044682
0.345203 -0.496932 0.089800
0.484981 -0.477517 -0.055377
0.142718 0.046019 0.097411
0.178234 0.270771 0.306397
0.425028 0.070223 0.242832
-0.050870 0.032876 0.154700
-0.216830 0.077032 -0.431065
-0.244043 -0.319830 -0.095968
0.399789 0.367593 0.282254
0.329490 -0.471398 -0.492423
-0.236081 0.004589 -0.498232
0.167257 -0.307386 0.188623
-0.393608 -0.143548 -0.394489
0.164002 0.090414 -0.498670
0.155500 -0.023577 0.210051
0.271638 -0.318767 0.142025
0.009669 0.389392 -0.381403
-0.150528 -0.390730 -0.162944
-0.219908 0.123577 -0.373389
-0.007948 -0.034196 0.223275
-0.062077 -0.253194 0.141727
0.046250 0.212800 0.059875
0.208123 0.499183 -0.314711
-0.223865 -0.211696 -0.450277
0.470451 0.500000 0.365847
0.373741 -0.163558 0.175302
0.098475 0.433483 0.111103
0.119252 0.179044 0.187451
0.398714 -0.455975 -0.058711
-0.211085 0.070082 -0.099601
-0.107922 -0.050296 0.186413
0.099796 0.421656 -0.493234
0.058685 0.116126 0.073927
-0.066805 0.470941 -0.059322
0.420637 -0.259697 0.393394
-0.005663 0.219206 -0.498204
-0.066975 0.265242 -0.248098
0.238031 -0.187290 0.289585
0.303522 -0.452732 -0.266812
0.256053 -0.314987 0.303609
-0.198825 -0.205461 -0.249327
0.051463 -0.326139 -0.446661
-0.062417 0.080906 -0.131052
0.474984 -0.212337 0.154557
0.186988 0.318381 -0.017381
-0.370776 0.113909 -0.187268
0.125033 -0.343554 -0.339566
-0.157377 0.409476 0.038115
-0.233045 0.279846 -0.299778
0.023405 0.464923 0.086479
-0.056689 0.435334 0.157869
0.024254 0.096080 0.170346
0.495043 0.174694 0.186489
-0.128345 -0.189095 -0.040789
0.358424 -0.492827 -0.238240
-0.073152 -0.143896 -0.142475
0.098436 -0.161533 0.219481
-0.177762 0.297370 -0.287101
0.057969 -0.248373 0.127507
0.021295 -0.479817 -0.231140
-0.090226 -0.114940 0.186945
-0.195767 -0.292315 -0.212033
0.171084 0.056683 0.143681
0.495060 -0.312904 0.092290
0.495094 0.424385 0.217650
0.153141 0.146592 0.239918
0.052018 0.149623 0.193257
0.472584 -0.386073 0.072524
-0.164843 0.140733 -0.003364
-0.031025 -0.402725 -0.111601
-0.055482 0.286198 0.034216
-0.190641 0.035297 0.001592
-0.177974 0.374524 -0.328324
0.009801 0.054569 -0.143997
0.255273 -0.320127 0.060257
-0.166416 -0.024822 0.136520
-0.043471 0.099216 0.118368
-0.229981 0.099307 -0.283673
0.314826 -0.142357 0.271414
0.061664 -0.426247 -0.408414
0.090749 0.108514 0.249291
0.066079 0.040210 0.140175
-0.155443 0.346029 -0.246474
0.015451 0.476124 0.019337
-0.105280 0.131555 -0.222542
-0.007595 0.475025 0.207786
0.416449 -0.345232 0.014475
0.186302 0.424547 -0.230004
0.199200 -0.423561 0.066063
-0.069203 0.250716 0.233596
0.291579 0.332293 0.270729
0.016868 -0.242132 0.230531
-0.139319 0.381103 -0.445247
-0.047580 0.060077 0.055329
-0.159546 0.251451 -0.063623
-0.134163 -0.204732 0.247978
0.493948 0.302966 -0.012184
-0.334207 -0.188754 -0.336421
0.121536 0.070701 0.344668
0.350022 0.214262 0.166038
-0.112896 0.425469 -0.284567
0.022673 0.477479 -0.437075
0.174723 -0.353192 0.133550
0.001327 -0.185940 0.173543
0.390293 -0.498085 -0.170668
-0.166601 0.029607 0.073486
-0.237311 -0.369392 -0.188519
0.439092 -0.068683 0.233043
-0.130856 0.118315 -0.149423
0.040970 0.474186 -0.072198
0.390752 -0.398595 0.059054
0.205883 0.056079 0.318566
0.134288 -0.497108 -0.355658
0.365789 -0.225307 0.050988
0.176612 -0.175951 0.171724
0.422384 0.144500 0.310147
-0.164729 -0.359688 -0.358177
0.411792 -0.448605 0.012863
0.387297 0.318986 0.351931
-0.165329 0.163471 -0.424878
-0.218941 -0.228399 0.207945
-0.043966 0.385224 -0.498469
0.265538 -0.336451 -0.051694
-0.133650 0.302697 -0.458252
-0.194363 0.173706 -0.173957
-0.096307 0.235880 -0.465978
-0.252691 -0.021395 -0.236686
0.127093 -0.118418 0.287560
-0.024023 0.105518 0.189941
0.000104 0.043882 0.295844
0.374164 0.388869 0.351123
-0.251918 -0.149638 -0.171921
-0.011340 0.328380 -0.248070
-0.027801 -0.338461 -0.494643
0.224785 -0.257849 -0.009161
0.065246 -0.074209 0.348635
0.247825 -0.060853 -0.266079
-0.136617 0.347547 -0.095987
0.270658 0.322293 0.219192
0.113480 -0.321954 0.101734
0.150014 0.417148 -0.426120
0.178127 -0.432120 -0.222316
0.086117 0.055404 0.218008
0.106068 -0.445981 -0.016745
0.211949 0.226975 0.260206
-0.038241 0.207793 0.048376
0.299972 0.491210 -0.286589
0.036957 -0.491265 -0.113983
-0.159605 -0.477310 -0.424054
-0.112881 0.412296 -0.367465
0.175743 -0.486307 -0.277093
-0.034285 0.159513 0.115537
-0.009672 -0.490796 -0.426773
-0.141740 0.199664 0.091760
-0.037118 0.472844 -0.451535
-0.065174 -0.005233 0.342805
-0.014762 -0.354916 -0.223311
0.042915 -0.485623 -0.049139
-0.219403 0.451563 -0.265892
0.353545 -0.323991 0.120990
0.239040 0.135855 0.404427
0.026024 0.418290 0.092315
-0.278558 0.069466 -0.164926
0.289438 0.382596 0.283906
-0.351616 0.055851 -0.444037
-0.088151 -0.447116 -0.329564
0.380362 0.007102 0.208813
0.044595 -0.274834 -0.036153
-0.103247 0.260576 0.074000
-0.145836 0.239194 0.010538
-0.144091 0.180232 -0.259592
0.423961 0.498794 -0.021453
-0.113193 0.385591 0.189426
0.330749 -0.445733 -0.002631
-0.283960 0.086914 -0.336937
-0.136518 0.260184 -0.393687
-0.172068 0.365648 -0.381186
-0.082922 0.418256 -0.425542
0.287134 -0.184794 -0.313829
0.008407 -0.126303 0.219520
-0.022439 0.410338 -0.001825
-0.196983 0.076236 -0.212200
0.382582 -0.387216 0.153221
-0.070125 0.349050 -0.182928
-0.039133 -0.096517 0.274988
0.175055 -0.433936 -0.327859
0.243456 -0.137171 0.332282
-0.395909 -0.154252 -0.460639
-0.046526 -0.436165 -0.485520
-0.311391 -0.001298 -0.412103
-0.100744 -0.134330 0.307971
-0.177542 -0.400637 -0.222058
-0.216528 -0.388341 -0.492072
0.315025 -0.458915 -0.078894
0.101268 -0.310842 -0.171639
-0.253632 -0.223202 -0.207237
-0.083699 0.258603 -0.324198
0.021193 0.269739 -0.493816
0.271846 -0.421469 0.152979
-0.101533 -0.435066 -0.475212
-0.098979 0.419213 -0.003883
-0.134917 0.289681 0.150253
0.185333 -0.188889 -0.057834
0.321242 0.315751 0.423916
-0.145206 0.082170 -0.329785
0.214478 -0.096603 0.436950
-0.110400 0.083335 0.055135
-0.009735 -0.207459 -0.135241
-0.098265 0.017682 0.208536
-0.110430 -0.050593 0.280268
-0.244790 0.344708 0.002672
0.488618 -0.416065 0.010794
-0.150834 0.137963 -0.280576
-0.097735 -0.489425 -0.405796
0.151835 -0.228795 -0.490199
-0.219199 0.182576 -0.286395
-0.139985 0.021273 -0.059121
0.094246 -0.489157 0.039101
0.172709 0.001376 0.262970
-0.208444 -0.363620 -0.412391
0.477744 -0.396594 0.145010
-0.043788 0.141728 0.248891
-0.010648 -0.404903 -0.335852
0.073745 0.038898 0.268765
0.075791 -0.192120 0.317391
-0.266119 0.238039 -0.451627
0.002495 -0.275283 -0.465970
-0.109060 0.114045 -0.424174
-0.309678 -0.088445 -0.241845
-0.160113 -0.121838 0.373751
-0.038238 0.330374 -0.352721
0.462401 -0.101635 0.305539
-0.238590 -0.480691 -0.438305
-0.115617 0.153115 -0.496068
-0.107189 0.412040 0.101157
-0.334285 -0.387453 -0.252870
0.085869 -0.488120 -0.301029
0.026533 -0.452360 -0.497593
-0.277784 -0.117539 -0.356844
0.438877 -0.373089 0.202162
-0.194418 -0.025420 -0.065858
0.373289 0.030860 0.337541
0.497304 -0.101055 0.255168
0.315773 -0.477330 0.161261
0.064738 0.286854 0.181363
-0.179888 0.017960 -0.389239
-0.180532 -0.338362 -0.489174
0.058906 -0.401308 -0.173114
0.038621 -0.107667 0.053415
-0.086004 -0.213273 -0.144440
-0.199375 -0.466179 -0.167401
-0.260288 0.108430 -0.416417
0.417535 -0.375154 -0.113518
-0.105195 0.433423 -0.206460
0.024225 -0.257005 -0.327732
0.438628 0.194320 0.451084
-0.344509 -0.218559 -0.272485
-0.028403 0.373547 0.141710
0.218144 0.023691 0.481450
0.250595 0.266611 -0.027074
-0.290005 -0.363213 -0.345380
-0.233729 -0.112339 -0.081521
-0.286053 -0.070695 -0.106120
0.255162 -0.464194 0.070658
0.243108 0.241321 0.448063
-0.102208 -0.344049 -0.484673
-0.048251 -0.475620 -0.250342
-0.065493 0.292507 0.129522
-0.077616 0.092955 0.245022
-0.380325 -0.056724 -0.365452
0.229343 0.294037 0.275891
-0.049347 -0.007845 -0.420612
-0.147603 0.478989 0.103496
0.163267 0.092051 0.460051
-0.162949 0.125743 -0.062586
-0.325886 -0.280469 -0.142734
-0.339993 -0.023837 -0.323972
0.280571 0.310462 0.342870
0.173104 0.105234 -0.027369
-0.102964 -0.452502 -0.184693
0.258791 0.477196 0.263112
-0.015398 0.412507 -0.105833
-0.264997 -0.449551 -0.206538
-0.079743 -0.418567 -0.063664
-0.306038 -0.275512 -0.312658
0.059679 -0.126479 0.264590
-0.284463 -0.063434 0.018931
-0.212839 -0.399891 -0.117030
0.499959 -0.023940 0.388173
-0.308945 -0.158016 0.145824
-0.167394 0.439072 -0.166254
0.145932 -0.118150 0.432531
-0.124642 0.189558 0.163215
0.493403 -0.462569 0.176095
-0.147440 -0.481577 -0.261408
0.256906 -0.435931 0.016849
-0.131424 -0.267983 -0.024454
-0.289652 0.474378 -0.249682
0.483613 0.335747 0.342374
-0.018093 0.269650 -0.138534
0.093759 0.101256 0.140366
-0.195829 0.184708 -0.060197
0.283040 -0.489140 0.244646
0.421562 0.080857 0.384868
0.474537 0.137281 0.367978
-0.387624 -0.251339 -0.334786
-0.364519 -0.136560 -0.313140
-0.185701 0.013925 0.208665
0.431503 -0.454991 0.219975
-0.177455 -0.132813 0.152580
-0.123842 0.436995 -0.087258
0.496222 -0.492898 0.012445
-0.182181 -0.320365 -0.146807
0.320099 0.118394 0.165779
-0.219742 0.142849 0.086078
0.336788 0.148511 0.361431
-0.096407 -0.419111 -0.133883
0.000728 0.352453 0.208104
-0.196779 -0.063627 0.045159
0.373015 -0.338190 0.263289
-0.142510 0.301506 0.026801
0.278142 0.223578 0.364817
0.265574 -0.186719 0.423677
0.247393 0.422605 0.189082
-0.224760 0.127202 -0.021848
-0.016728 0.171249 0.304975
-0.370348 -0.315341 -0.377401
0.188129 -0.107420 0.154132
0.342285 0.466202 0.399411
-0.300052 0.003596 -0.112382
0.021804 0.177878 -0.261080
-0.285071 0.137327 -0.068549
0.473783 0.025829 0.389211
-0.112017 0.185721 -0.128312
-0.199486 0.232964 -0.233392
0.126006 -0.423916 0.073415
0.109231 -0.035835 0.430233
-0.277959 -0.317542 -0.214650
0.307531 -0.417780 0.316839
-0.182485 0.267285 0.114677
-0.082484 0.237690 0.331488
0.198527 0.384944 0.281919
-0.105379 -0.149745 0.104484
0.258539 -0.116499 0.105620
-0.105082 -0.114566 -0.067338
0.100946 0.461776 -0.096532
-0.182697 -0.453008 -0.488301
-0.389243 -0.252570 -0.205429
0.356842 -0.434520 0.197157
-0.211814 0.267806 -0.353013
0.342236 0.032568 0.420067
-0.221955 0.185144 0.018145
-0.344984 0.031427 -0.354388
-0.272205 0.170505 -0.269396
0.476402 0.312242 0.408384
-0.261626 0.023200 -0.015690
0.467759 0.396588 0.059133
0.466918 -0.421027 -0.124155
-0.160108 -0.468735 -0.074592
0.240884 -0.384650 0.275465
0.078358 0.374997 0.180307
0.209160 -0.451849 0.271103
-0.245173 -0.449374 -0.055503
-0.186418 0.407614 -0.034494
-0.006217 -0.474550 -0.358999
0.144284 -0.256435 0.416268
-0.273103 -0.338000 -0.296908
-0.113588 0.497684 -0.284767
-0.089194 0.298043 -0.044380
0.481760 -0.489854 -0.193427
-0.148657 0.335871 0.296591
0.210366 0.342135 0.364986
-0.184144 0.120235 0.195468
-0.144696 0.333480 -0.142419
-0.413370 0.209181 -0.461600
-0.078551 -0.059668 -0.046521
-0.252727 -0.026339 0.067491
-0.207796 -0.260306 -0.030009
0.423063 0.379847 0.350135
-0.262331 -0.477775 -0.269987
-0.203031 0.495487 -0.344951
-0.401158 -0.294971 -0.496176
-0.245494 -0.129911 -0.016598
-0.275273 0.167174 -0.193184
-0.385051 -0.005133 -0.474293
0.094021 0.132261 0.323104
0.326444 -0.214597 0.480384
0.011128 0.096889 0.348906
0.308800 -0.035726 0.461870
-0.372853 -0.074479 -0.477605
-0.365232 0.039456 -0.283746
-0.165526 0.493236 -0.046258
0.160134 -0.486005 0.060783
-0.191412 -0.189834 -0.004544
-0.188992 0.390660 -0.116479
-0.136747 -0.354056 -0.024210
-0.318989 -0.439290 -0.415097
-0.061351 0.047686 -0.348770
-0.255836 0.447922 0.067408
-0.287477 0.279861 -0.088172
0.350933 0.020820 0.494264
0.234550 -0.299219 0.249721
0.441168 0.432375 0.440927
0.216509 -0.364688 -0.493877
-0.067942 0.317777 0.253783
0.343361 -0.326518 -0.092403
-0.221878 0.389741 -0.197454
0.171577 -0.425111 0.138533
0.021074 -0.136132 -0.052755
0.367953 0.486936 0.338644
-0.087109 0.090562 -0.065148
-0.142003 0.224140 -0.498495
0.303710 0.135499 0.445809
0.493966 -0.478002 0.069223
-0.114124 0.493949 -0.461059
-0.041962 -0.422049 -0.418831
0.036230 -0.004060 0.453301
0.024623 0.004307 0.372368
0.069802 0.182726 0.355042
-0.429914 -0.091187 -0.326831
0.473147 0.265117 0.347402
0.394162 0.427057 0.222090
-0.240059 0.285020 -0.168752
-0.047436 0.487638 0.075933
-0.106607 0.020654 0.107126
0.280010 0.182992 0.466767
-0.000471 -0.083586 0.444688
-0.253648 0.378690 -0.349954
0.017442 -0.385590 0.019322
0.122132 0.496872 0.150218
-0.344827 -0.384389 -0.356963
0.407557 -0.488086 0.143733
0.488665 -0.269884 0.309596
-0.203601 -0.458888 -0.298754
-0.311721 0.099835 -0.012625
-0.154633 0.487352 0.059697
0.250769 -0.064586 0.341932
0.214097 -0.383529 0.192261
-0.016835 -0.269478 0.080760
-0.224083 -0.163730 -0.395957
0.079476 0.460472 0.237503
-0.388880 -0.485171 -0.212196
-0.254096 -0.240876 -0.139582
-0.415826 -0.331841 -0.327257
0.240205 -0.387815 0.367174
-0.294166 0.200296 0.043096
0.248536 0.436566 0.379544
-0.199908 -0.124345 0.220051
0.045970 0.173896 0.434142
-0.132044 -0.123629 0.249950
-0.057315 -0.468839 0.021271
-0.352529 -0.377816 -0.461703
0.490848 -0.186914 0.221912
-0.059337 0.088365 0.427466
0.188716 0.183216 0.394016
0.494177 -0.087830 0.444014
0.217060 -0.169440 0.475296
-0.269313 -0.440031 -0.490524
0.140742 0.182383 0.327645
0.299685 -0.025887 0.281924
-0.439314 0.135244 -0.370847
0.053974 -0.490646 0.099381
0.285960 0.064218 0.380096
-0.240257 -0.283898 0.038555
-0.061110 -0.348635 -0.236982
-0.258233 -0.086223 0.134205
-0.386373 0.102083 -0.096956
0.497310 -0.387344 0.244534
-0.321192 -0.004925 -0.482977
0.171711 0.486205 0.313722
0.016957 -0.384361 -0.439625
0.000716 0.313927 0.314632
0.487160 0.368409 0.488869
0.101053 -0.253747 0.264514
0.371673 -0.499974 0.253374
-0.050515 -0.432031 -0.191640
-0.132879 -0.028703 -0.016363
0.167078 0.428429 0.197972
-0.292043 -0.249767 -0.469591
-0.176164 0.347305 0.173668
0.418195 -0.425816 0.100683
0.495040 -0.142582 0.367062
-0.249047 0.071853 0.032842
-0.103408 -0.051064 -0.431398
-0.154073 0.245540 0.254228
-0.351351 0.387308 -0.266457
-0.093831 -0.485789 -0.137625
-0.250803 -0.399625 -0.257284
-0.271029 0.056639 -0.412042
-0.096328 0.423509 0.247539
-0.205499 0.218677 0.123450
0.239209 0.334373 0.423551
-0.331385 -0.377058 -0.166019
-0.003153 0.467036 0.261913
-0.321958 0.353616 -0.184709
0.101444 -0.418910 -0.322911
0.412095 0.288012 0.416282
-0.288733 -0.226028 0.179633
0.085161 -0.345704 0.208099
0.422157 0.303342 0.214072
0.044166 -0.431808 -0.291818
-0.216302 -0.493719 0.034371
0.025641 0.233848 0.244146
0.222001 -0.040408 0.497436
-0.194493 0.289613 -0.115860
-0.308615 -0.288136 0.014945
-0.220296 0.344729 0.111251
-0.042708 0.142427 -0.404336
0.137584 0.245568 0.385313
0.423664 -0.468243 0.303111
-0.208634 0.494981 -0.187402
0.260249 0.029971 0.497553
0.003812 0.483029 -0.135513
0.170070 -0.018486 -0.098999
-0.067641 -0.179399 0.260064
-0.147706 0.179377 0.413481
-0.339855 -0.426576 -0.177916
-0.450382 0.094184 -0.491004
0.483637 0.106746 0.423833
-0.256519 0.263099 0.027558
0.298858 0.233282 0.259991
0.480127 -0.224622 0.405405
0.110110 -0.480787 0.131441
-0.350839 -0.240943 0.281099
0.217773 0.378206 0.478554
0.340302 -0.291889 0.460572
-0.067620 0.482275 -0.387117
-0.301916 0.423403 -0.304464
0.309634 0.250146 0.444623
-0.324441 0.265916 -0.387032
0.074738 -0.368935 0.035956
-0.097571 -0.217439 0.349825
-0.217354 0.335201 -0.462582
-0.237795 0.429863 -0.418808
-0.090966 0.229805 0.447574
-0.208553 0.425585 0.127546
-0.276062 0.374479 -0.114754
0.426691 0.445114 0.347012
0.175424 -0.064880 0.487160
0.412416 0.484569 0.402530
0.018072 0.025248 -0.373781
-0.057546 0.339970 -0.476819
-0.105766 0.111656 0.125738
-0.421967 -0.095109 -0.450084
-0.269234 -0.390507 -0.425554
-0.341628 -0.114149 -0.023269
0.223235 -0.251982 0.195748
-0.337076 0.258748 -0.330265
-0.113885 0.298956 -0.207025
-0.228590 0.324860 -0.233342
0.238675 -0.256933 0.301265
-0.402458 -0.248139 -0.442190
-0.160474 0.450372 -0.424062
-0.195545 0.256370 0.192550
-0.292322 -0.427612 -0.352021
0.049847 -0.293687 0.042579
0.121282 0.235365 0.259494
0.037589 -0.429135 0.066439
0.308294 -0.338696 -0.217933
-0.012751 -0.172800 0.330976
-0.329434 0.080365 -0.116912
0.362469 0.100707 0.468564
-0.139427 -0.251834 -0.189730
-0.330216 0.130178 -0.246380
-0.380423 -0.063238 0.159188
-0.300003 0.440925 -0.150774
0.037478 -0.455329 0.224337
-0.214393 0.485604 -0.102632
0.426071 0.139603 0.495401
-0.411525 -0.041856 -0.225531
-0.301773 -0.313619 -0.096079
0.322811 -0.079581 0.399443
-0.258128 0.060078 0.156002
-0.304763 -0.172979 -0.478844
0.010062 -0.379230 0.078451
-0.022454 -0.320157 0.148860
0.421024 -0.030070 0.495154
-0.197052 0.253756 -0.467943
-0.328280 0.100321 -0.381472
-0.071933 -0.368689 0.103403
0.000237 -0.045506 0.313325
0.124491 -0.361701 0.283708
0.491855 -0.144147 0.450200
0.033755 -0.265970 0.368278
0.084185 0.321826 0.252427
-0.025618 0.419480 0.299418
0.423376 -0.340790 0.388698
0.486367 0.219924 0.041619
0.492949 0.058689 0.479549
0.338636 -0.463449 0.410784
-0.109890 -0.072803 0.066644
0.377493 0.247775 0.330380
-0.177106 0.412652 0.207716
-0.488468 -0.052114 -0.448935
0.059603 0.241655 0.303021
0.303236 -0.323999 0.247224
-0.101937 0.060862 0.180473
0.285820 0.378053 0.371002
0.122431 -0.484482 -0.220099
0.318300 -0.276304 0.178111
-0.243666 0.369792 0.273760
-0.221836 0.293997 -0.054420
0.015353 -0.398944 0.296136
-0.031441 0.354281 0.364437
0.195671 -0.486211 0.161749
-0.263192 0.405308 -0.259667
-0.066507 0.026554 0.288552
-0.173759 -0.126762 -0.048944
-0.054543 -0.069086 0.392221
-0.106568 -0.427354 0.028006
0.375695 0.171373 0.466571
-0.328653 0.498360 -0.351405
-0.151684 0.400937 0.288277
-0.051768 -0.422063 0.087525
-0.258344 0.019948 0.128657
-0.290983 0.222365 0.187468
0.050269 0.444170 0.346833
0.307656 -0.312818 0.357284
0.464099 -0.283587 0.467224
0.045676 -0.036380 -0.492349
-0.024250 -0.330872 0.252092
0.134374 0.389837 0.275550
-0.169434 -0.186094 -0.100993
-0.261111 -0.215078 0.098734
0.269303 -0.492579 0.335846
-0.134937 0.382417 0.410009
-0.060188 -0.255737 0.235883
-0.089519 0.358004 0.311941
-0.194987 -0.358268 -0.022507
-0.229874 -0.192620 -0.075348
-0.148916 0.446350 -0.499939
-0.426048 -0.362946 -0.434553
-0.313992 -0.181482 -0.209150
-0.407328 0.422884 -0.434749
0.367438 -0.241219 0.377353
-0.495984 -0.353307 -0.370751
0.320152 -0.396703 0.256998
-0.300120 -0.468961 -0.108234
0.086804 0.369023 0.337945
0.256836 -0.266819 0.468993
0.369746 -0.443708 0.340390
-0.312575 0.197393 -0.039183
-0.240841 0.417122 0.195386
0.103039 0.312981 0.382144
0.428903 -0.167946 0.473995
0.108117 0.013554 0.373308
-0.013308 -0.498517 -0.164141
-0.349485 0.363556 0.056726
-0.190763 -0.057728 0.232884
-0.198957 0.416926 0.342024
-0.122200 -0.378655 0.023908
0.054337 -0.110631 0.408457
0.226201 -0.150033 -0.161152
-0.265963 0.479831 -0.008682
-0.185292 0.183743 0.200196
-0.197612 0.036091 0.293105
-0.112318 -0.273048 0.308542
0.099722 -0.051268 0.261082
-0.306030 -0.000436 0.113346
0.363221 0.423781 0.454042
0.182340 0.098894 0.239519
0.485651 0.406361 0.366460
-0.038870 0.270231 0.412296
-0.158360 0.055756 0.347984
-0.134600 -0.404677 0.191421
-0.462346 0.459144 -0.462171
0.132912 0.417811 -0.200068
0.239587 -0.334074 0.424907
0.058374 -0.131149 0.482197
0.382564 0.266549 0.467601
-0.238202 0.166879 -0.462867
-0.353720 -0.494082 -0.309773
-0.409305 -0.363411 -0.092392
-0.294260 0.251787 -0.274283
-0.135493 0.469525 -0.364400
-0.009380 -0.204967 0.488172
0.078188 0.075113 0.400692
-0.193876 0.241669 0.446194
-0.493716 -0.349561 -0.468767
0.077048 -0.013863 0.209237
-0.066054 -0.365508 -0.169564
-0.290865 -0.396465 -0.112580
-0.357561 0.466001 -0.265115
-0.354117 0.038824 -0.211046
-0.192674 -0.431847 0.013706
-0.450305 -0.147103 -0.280961
-0.046650 -0.005064 0.482424
-0.031422 -0.201575 0.393624
-0.140279 0.304539 0.225046
-0.374291 0.119927 -0.440911
-0.160094 -0.322782 -0.085765
-0.143140 0.485871 0.210656
-0.434954 -0.423449 -0.316400
-0.499552 0.166635 -0.386385
0.250710 0.458007 0.457659
-0.291808 -0.181579 -0.112620
-0.358090 -0.011408 -0.090867
0.171127 -0.305125 0.263844
-0.469976 -0.189102 -0.382471
-0.252757 -0.095962 0.264038
0.184192 -0.288012 0.072956
0.060499 0.089045 0.471015
0.108272 0.428578 0.372827
-0.368547 -0.341194 -0.013305
-0.151189 0.350853 0.082795
-0.131109 0.157492 0.260814
0.142291 -0.252068 0.197468
0.301948 -0.420956 0.083185
0.390025 -0.403538 0.263434
-0.271435 0.127432 0.186317
-0.294539 0.304265 -0.274051
0.179482 0.470802 0.381678
-0.350363 -0.056110 -0.010997
-0.258160 -0.316679 -0.022088
-0.175827 0.069437 0.137089
0.231715 -0.270033 0.370248
0.043384 0.286499 0.376684
-0.290426 -0.380720 -0.055637
0.026257 -0.351395 0.159738
0.495794 0.476460 0.451556
-0.321929 0.403222 0.128638
-0.025540 0.194849 -0.094526
-0.096840 0.495405 0.135468
-0.319691 -0.303501 0.078583
-0.423223 -0.186097 -0.087241
-0.431363 -0.213529 -0.287719
-0.094553 -0.248834 0.026004
-0.378236 -0.468125 -0.468392
-0.106099 0.032475 0.423278
-0.456579 -0.429307 -0.056765
-0.084523 0.129276 0.335610
0.167523 0.311274 0.246274
-0.133739 0.085966 0.294550
0.297689 -0.251511 0.418811
0.496472 0.106772 0.497204
-0.450485 0.007518 -0.422763
0.017493 -0.444901 0.141606
0.142316 0.388020 0.434035
-0.334390 0.105429 0.138026
-0.491923 -0.294616 -0.306666
-0.379881 0.049789 0.036225
-0.284486 0.315415 -0.427010
0.179503 0.153778 0.464758
-0.441326 0.073210 -0.298506
0.435028 -0.339069 0.308062
0.188578 0.425160 0.492089
-0.350151 0.190544 -0.384493
0.018564 0.454004 0.445948
-0.181179 -0.125134 0.281104
-0.182378 -0.029506 0.302121
0.350221 -0.390136 0.383756
-0.025514 0.027561 0.394677
-0.068892 -0.226260 0.088723
-0.476918 0.102500 -0.203117
-0.290860 0.345044 0.166388
0.335639 -0.389722 0.138449
-0.424875 0.055315 -0.378850
-0.210340 0.491465 0.182799
-0.369505 0.158113 0.018680
0.138776 0.322888 0.177049
0.491243 -0.015580 0.465333
-0.308450 -0.091505 -0.168765
-0.104352 0.308266 0.365198
-0.203740 -0.346837 0.028237
-0.493022 0.035827 -0.346511
-0.060314 0.488922 0.252643
0.273613 -0.445569 0.470782
-0.022482 0.472350 0.356952
-0.136309 -0.040445 0.441847
0.376875 0.083565 0.381464
0.020874 -0.423046 -0.117748
-0.288222 0.179334 -0.354819
-0.410152 -0.301655 0.141584
-0.384791 0.164651 -0.293412
0.420496 -0.068998 0.132368
0.496226 -0.347393 0.352841
0.237963 0.308444 0.488589
-0.025658 -0.049592 0.061012
-0.487710 -0.137252 -0.208133
-0.276209 0.233729 0.124596
-0.013272 0.001177 0.012994
-0.197998 -0.427031 0.163557
-0.319711 -0.262851 -0.227824
0.380881 -0.011637 0.086193
-0.131630 -0.193212 -0.270046
-0.410630 0.202836 -0.063548
0.341524 -0.023846 0.302313
-0.311415 0.019753 0.050791
0.231267 -0.490284 0.408363
0.173291 0.271967 0.457419
-0.286488 0.486774 0.198083
-0.096793 -0.207763 0.185239
0.079733 -0.312588 0.303397
-0.009372 0.306147 0.260024
0.478063 -0.444687 0.345144
0.115468 -0.478808 0.223552
0.402331 -0.368763 0.493341
-0.238125 -0.049553 0.348970
-0.184367 -0.288576 0.415572
-0.184816 0.076282 -0.143731
-0.338511 0.433747 -0.410142
-0.093781 0.488637 0.349190
0.212416 0.249753 0.379931
-0.488381 -0.177904 -0.461071
-0.267869 -0.376135 0.165332
0.150189 0.128277 0.395650
-0.060361 -0.071070 0.461047
-0.489223 -0.107386 -0.411643
-0.457393 0.249170 -0.322877
-0.372734 -0.257699 0.072991
-0.058677 0.090247 -0.466522
-0.308543 0.224169 0.255371
-0.417626 -0.428141 -0.403147
-0.142172 -0.197274 0.347708
-0.306416 -0.220646 0.345603
-0.141532 -0.402510 0.106326
-0.284314 0.112481 0.081439
-0.446904 0.244670 0.052387
0.406868 0.488997 0.487742
0.387933 -0.089595 0.348244
-0.412909 0.055041 0.117550
-0.025824 -0.486296 0.095388
-0.385282 0.305842 -0.166336
-0.310686 -0.133384 0.049568
0.344186 0.377651 0.486521
-0.182306 -0.092258 0.448854
-0.361643 0.212473 -0.174062
-0.380712 -0.022160 0.089168
-0.426111 -0.347159 -0.141284
0.408861 -0.456021 0.428436
0.034736 0.395355 0.282138
0.275579 0.393112 0.442408
-0.354506 -0.284965 0.207808
-0.376227 0.029664 -0.142411
-0.314102 0.465880 0.120874
-0.103107 -0.457501 0.229108
-0.351435 -0.466784 -0.013793
0.074695 0.493696 -0.294218
0.098175 0.334586 0.453774
-0.003544 0.057265 0.459839
-0.239952 0.246014 0.346952
-0.350485 0.320663 -0.346800
-0.497833 -0.440009 -0.369104
-0.437698 0.163906 -0.150608
0.112468 0.166405 0.479876
0.010597 -0.486196 0.019350
0.303342 0.433728 0.350188
-0.473070 -0.024914 -0.367377
-0.076825 0.152091 0.387609
-0.402657 -0.451346 -0.121679
-0.273943 -0.092743 0.184412
-0.145208 0.248082 0.312008
-0.185993 0.421954 -0.364534
-0.262360 0.471296 -0.360767
-0.201017 0.459362 0.298385
-0.435613 0.317439 -0.314121
-0.465124 0.017920 -0.142349
-0.260604 -0.292109 -0.384178
-0.382446 -0.115567 -0.248968
-0.444372 -0.399086 -0.211007
-0.386906 0.263536 0.004299
-0.479972 -0.464645 -0.105820
0.368926 -0.301253 0.394324
-0.462780 -0.232798 -0.460715
-0.349092 0.386137 -0.354270
-0.492541 -0.480767 -0.252345
-0.301885 0.383567 -0.466918
-0.037580 0.368480 0.487531
-0.020803 0.206195 -0.239935
-0.327568 0.151111 -0.144061
-0.349573 0.414450 -0.214769
-0.497150 -0.376822 -0.122846
-0.482874 -0.211861 -0.028105
0.127927 -0.417848 0.185152
-0.370267 -0.050907 -0.148242
-0.311258 0.271501 0.076271
0.109847 0.283865 0.302522
0.126083 0.495791 0.436525
0.102045 0.224260 0.476357
-0.442177 -0.306833 0.046987
-0.425763 0.168941 0.070463
-0.417794 0.313626 0.133619
-0.454090 -0.314713 -0.249840
-0.431123 0.338200 0.065420
-0.429143 0.438233 -0.203066
0.415101 -0.234225 0.496908
-0.296120 0.238452 -0.170989
-0.362228 0.248667 -0.257562
-0.380746 -0.385698 -0.261895
-0.070302 -0.494058 -0.027157
-0.209442 0.197597 -0.361224
-0.304859 0.421463 0.325450
-0.189088 -0.199824 0.096873
-0.423034 -0.143129 -0.177660
-0.060782 -0.385790 0.212072
-0.338683 -0.148812 -0.416920
-0.340850 -0.388110 -0.060118
-0.021663 0.341853 0.019444
-0.104352 -0.310547 0.149041
-0.279957 0.336567 -0.496932
-0.056836 -0.262246 0.306013
-0.391316 -0.296120 -0.051788
-0.391273 -0.254191 -0.128116
0.040214 -0.182752 0.388401
0.152179 -0.305830 0.331596
-0.103192 0.179465 -0.392654
-0.281782 0.043860 0.306240
-0.005631 -0.107750 0.359716
-0.005914 0.110186 0.488955
-0.407871 -0.176999 -0.002843
0.469146 0.182494 0.372936
-0.302594 -0.293152 0.272321
-0.344723 -0.377266 0.135479
0.162413 -0.463934 0.327620
-0.023203 -0.494872 0.283037
-0.122794 -0.323519 0.229050
-0.490402 0.291346 -0.270372
-0.154500 -0.201810 0.438966
-0.278827 0.111157 0.357108
-0.386837 0.264859 -0.442302
0.419840 0.355294 0.451989
-0.493459 -0.422336 -0.427265
0.016770 -0.287179 0.440524
-0.226918 -0.175526 0.313043
0.088380 -0.439786 0.275271
-0.252482 0.443079 -0.467904
-0.497094 -0.284674 0.092168
-0.160683 0.181146 0.342310
-0.355018 0.171960 0.145169
-0.336612 -0.062597 0.143541
-0.385742 -0.188702 0.343507
0.291523 0.498562 0.406703
-0.194316 0.111053 0.330832
-0.115732 -0.137267 0.477347
-0.058384 -0.395831 0.288217
0.022724 0.110334 0.295449
-0.402629 0.376384 0.178588
0.200395 0.494851 0.206409
-0.009541 0.234487 0.331876
-0.438958 -0.024133 -0.292684
0.486274 -0.354572 0.479984
-0.442698 0.203409 -0.258558
-0.282528 -0.471355 0.043416
-0.341117 0.205135 0.302825
-0.015933 0.228732 0.463401
0.024163 -0.142045 -0.493291
-0.452355 -0.486857 -0.450797
-0.398580 0.444994 -0.376999
0.193391 -0.060979 0.256968
-0.462496 -0.236715 0.134336
-0.424544 0.262239 -0.204210
-0.451521 0.326235 0.015782
0.006614 0.043152 0.215410
-0.356436 0.303879 -0.249762
-0.453429 0.106295 -0.046174
0.220283 0.333071 -0.499777
-0.318835 0.270439 -0.493437
-0.410020 0.352507 -0.460455
0.100790 -0.138786 0.348587
-0.224624 0.223790 -0.109936
-0.224336 0.321380 0.371159
-0.102046 0.137033 0.196680
0.482865 0.250905 0.450937
0.084237 0.494932 -0.008249
-0.354065 -0.146435 -0.149275
-0.087010 -0.499967 -0.497204
0.027909 -0.328130 0.252804
0.375818 -0.352629 0.331076
0.060523 -0.026533 0.139782
-0.184067 0.364473 0.429866
0.280911 -0.396299 0.421855
-0.384927 0.232125 -0.340377
-0.442680 0.057648 0.003932
-0.441101 -0.496847 -0.351656
-0.496625 0.194738 -0.203112
-0.359433 0.476580 -0.194518
-0.105484 -0.349624 0.306265
-0.315681 0.271529 -0.002854
-0.477515 0.157417 -0.481794
-0.456481 -0.101356 0.156241
-0.480862 0.435068 -0.406174
-0.472633 0.020853 -0.240484
0.279302 -0.379995 0.493109
-0.210767 -0.343924 0.109376
0.373784 -0.230100 0.426789
-0.391032 -0.285496 -0.273661
-0.253294 -0.146287 0.150105
0.214720 0.163839 0.329628
-0.349403 0.018834 -0.029029
0.146678 -0.411616 0.372901
0.034872 -0.376890 0.396403
-0.135792 0.105407 0.394269
-0.285257 0.412100 -0.032979
-0.303580 -0.187148 0.000640
0.021094 0.335706 0.474687
-0.053193 0.171919 0.468087
-0.231356 -0.297432 0.112917
0.182459 -0.243135 0.466666
-0.298619 0.387769 0.061651
-0.198872 0.135025 0.386018
-0.053756 -0.385893 0.009071
-0.029083 -0.496032 0.177072
-0.193965 0.460558 0.379286
-0.106467 0.335306 0.434169
-0.116436 0.062825 0.489465
-0.376829 -0.318139 -0.173958
0.204733 -0.443647 0.481099
-0.275382 -0.377237 0.022528
-0.119768 -0.485672 0.154586
0.097382 0.381497 0.421202
-0.484133 0.158580 0.132513
-0.455370 0.146105 0.180464
-0.494735 0.374576 -0.231198
-0.299587 -0.159884 0.229381
-0.017925 0.192401 0.388461
-0.346012 0.325450 -0.423596
-0.386526 -0.135108 -0.087150
0.052422 0.381013 0.497799
-0.375309 -0.231676 0.153574
-0.351825 0.181182 -0.230987
-0.391507 -0.143459 0.241037
-0.161373 -0.496529 -0.015064
-0.276174 0.134338 0.274680
-0.367103 -0.366461 0.259701
0.483673 -0.462412 0.262412
-0.220660 0.039501 0.433320
-0.375990 0.063283 -0.036577
-0.110697 -0.445401 0.346243
0.073690 -0.330673 0.486357
-0.486333 -0.276014 -0.194376
-0.417737 -0.131467 0.052714
-0.412335 -0.432198 0.166101
-0.334248 0.331371 -0.092374
-0.293904 -0.127833 0.310437
-0.427996 -0.062946 -0.172130
0.091696 0.440129 0.490230
-0.300289 -0.144106 -0.287708
-0.363749 -0.050973 0.394720
-0.032288 -0.138499 0.491636
-0.477074 -0.450011 -0.173634
-0.344389 0.440800 0.033921
-0.136348 0.479006 0.457311
-0.389406 -0.087185 0.223400
0.141732 0.371076 0.350959
0.197051 -0.160971 0.413466
0.022587 -0.384453 0.225634
-0.411313 0.466625 -0.028578
-0.222312 0.149684 -0.114521
-0.238520 -0.158958 0.395647
-0.421146 0.453779 0.085967
-0.132098 0.422173 0.345757
-0.436296 0.326472 -0.382938
-0.467013 -0.386554 0.167557
-0.207606 0.298547 0.498233
-0.254635 0.029614 0.246014
-0.252499 -0.133707 0.067518
-0.202879 0.435399 0.449485
-0.482516 0.091610 -0.427129
-0.497417 0.135090 -0.277725
-0.125725 0.407643 0.461463
-0.342788 0.201127 0.068036
-0.408666 0.214879 0.201815
-0.470398 0.128073 0.017625
0.187248 0.499006 0.495844
-0.384025 0.100166 -0.332588
-0.262089 -0.223977 0.228453
-0.379055 0.234760 0.130463
-0.269021 -0.028324 0.284943
-0.080491 0.375343 -0.264030
0.373108 -0.492465 0.487774
-0.451192 0.068232 -0.142301
-0.491128 0.184335 -0.326491
-0.362441 0.480046 -0.495800
-0.057292 -0.271557 0.409643
-0.128349 -0.313715 0.451585
-0.135009 -0.307068 0.073813
-0.334785 -0.021198 0.250119
-0.489881 0.178956 -0.101141
-0.138000 0.190696 0.494699
-0.439468 -0.057985 -0.061122
-0.258771 -0.416036 0.096286
-0.260779 0.205445 0.416595
-0.305201 -0.276720 0.400468
-0.053925 0.422621 -0.250293
-0.481667 0.029944 0.092201
-0.173110 -0.273920 0.272053
-0.292778 0.319161 0.391836
-0.208423 -0.239057 0.487066
-0.467876 0.294290 -0.159077
-0.116945 -0.402163 0.415447
0.112414 -0.217384 0.474816
-0.428684 0.200661 0.001507
-0.249892 -0.102077 -0.239240
-0.150386 -0.497586 0.078107
-0.180878 -0.256504 -0.100413
-0.224918 0.164350 0.469852
-0.499701 -0.181846 -0.339361
-0.416005 -0.498837 0.147110
-0.355370 0.115316 0.062145
-0.341174 -0.081092 0.099814
-0.470128 -0.296755 -0.029453
0.158579 -0.364559 0.439243
0.091415 -0.307307 0.380908
-0.488593 0.086047 0.171869
-0.356254 0.120991 0.211685
-0.230714 0.237847 0.257356
0.489551 -0.470685 0.424868
-0.340619 0.263082 -0.127352
-0.395174 0.364685 0.001450
-0.481821 -0.304683 -0.107649
-0.423615 0.449030 -0.298350
-0.395161 0.386568 -0.130292
-0.149722 -0.413317 -0.074225
-0.329139 0.300628 0.204057
-0.443139 -0.298733 -0.381735
-0.194390 -0.369591 0.184265
-0.460758 0.229737 0.128983
0.140362 -0.301936 -0.100498
0.177584 -0.241745 0.287408
-0.385593 0.320171 -0.092582
-0.316942 0.063416 0.233065
-0.484904 0.186418 -0.048654
-0.198876 -0.494181 0.137886
-0.057613 0.282836 0.497042
-0.266027 0.176267 0.134973
-0.256793 -0.215960 -0.005035
-0.347607 -0.175570 0.436810
-0.374539 -0.435586 0.062199
-0.275657 0.472310 -0.092956
0.022979 0.274869 0.421289
-0.460092 -0.030028 0.100938
-0.485544 0.471493 -0.163092
-0.319984 -0.246607 -0.048631
-0.213330 0.177690 0.286923
0.026485 0.174906 0.109087
0.418856 -0.483893 0.374195
0.118540 -0.182604 0.378888
-0.375558 -0.497152 -0.388583
-0.338467 0.484970 -0.031184
-0.326022 -0.470820 0.123885
-0.274759 0.396549 0.490192
-0.123173 -0.058415 0.372863
0.341968 -0.364516 0.447841
-0.350949 -0.188244 -0.077652
-0.260840 0.296148 0.156388
-0.358185 0.471249 -0.127353
-0.394878 -0.020892 0.251993
-0.117763 0.245609 0.381219
-0.090131 0.218940 0.100106
-0.181420 0.390147 -0.472601
-0.212797 0.470975 0.007759
-0.032581 -0.343065 0.436560
0.326916 0.497611 0.490644
0.265797 0.498324 -0.222763
-0.453167 0.290805 -0.072190
0.058882 -0.193390 0.462282
-0.464373 -0.025463 -0.005684
0.192052 -0.306096 0.471608
-0.414924 0.498810 -0.439668
-0.489995 0.234839 0.197239
-0.476523 -0.383360 0.015914
-0.336419 -0.419827 0.013389
-0.133482 -0.216925 0.122065
-0.114188 0.281401 0.489689
0.020309 0.257173 -0.376474
-0.441067 -0.415351 -0.477530
-0.361774 0.108940 0.358945
-0.489417 0.403552 0.095044
-0.475319 -0.371635 0.096291
-0.233428 -0.034572 0.182535
-0.495434 0.107330 0.086368
-0.216217 -0.025629 -0.015571
-0.458352 -0.497690 0.213461
-0.299680 0.127325 0.473896
0.449619 0.297880 0.494787
-0.411669 -0.240880 0.010130
-0.352848 -0.125342 0.493523
-0.402089 -0.168448 0.100921
-0.425582 -0.424319 0.087939
-0.308658 0.015161 0.182170
0.067477 0.178453 0.257067
0.344246 -0.422534 0.463898
-0.015306 -0.251228 0.147460
0.461851 -0.398387 0.424025
-0.431142 -0.235102 0.065940
-0.342299 -0.294114 -0.424513
-0.031544 -0.320769 0.348326
-0.306133 0.333544 0.485640
-0.001501 0.271146 0.183885
-0.274960 0.491904 0.261490
-0.260701 0.058719 -0.096219
-0.469286 0.362229 -0.499942
-0.427973 0.239064 -0.126888
-0.488813 -0.028480 -0.227343
-0.346335 -0.472246 -0.064541
-0.206026 0.294184 0.300750
-0.336211 -0.484227 -0.223729
-0.259284 0.260460 0.470930
-0.422530 -0.061548 0.041158
-0.396833 -0.444219 0.296834
-0.095325 -0.128695 0.414321
-0.499956 -0.203372 0.049831
-0.487602 0.393542 -0.335389
-0.289708 0.369989 0.332075
-0.094121 -0.255438 0.487652
-0.405320 -0.364508 0.192975
-0.074493 -0.427313 0.141994
-0.476113 -0.365518 -0.297341
-0.495882 -0.339174 0.197912
0.065927 -0.378154 0.334424
-0.422012 0.037279 -0.097459
-0.350903 -0.484205 0.181080
-0.473828 0.220066 -0.434143
-0.453443 -0.096208 0.282518
-0.471532 0.294767 -0.435210
0.034394 0.176744 -0.140244
-0.497426 -0.293459 -0.460568
-0.357019 0.368875 0.322184
-0.423006 -0.490520 0.002410
-0.370279 0.425382 -0.075506
-0.410711 -0.290900 0.372978
-0.488113 -0.428787 0.222940
-0.499933 -0.185715 -0.240901
0.432081 -0.446745 0.498196
0.034011 0.380572 0.387098
-0.472170 0.485784 -0.346110
-0.480974 -0.365289 -0.058249
-0.220214 -0.026297 0.476372
-0.306956 0.221897 0.488396
-0.304572 0.219910 -0.103618
-0.274843 0.390625 0.389971
-0.022851 0.340562 0.425816
-0.486948 0.398373 -0.120290
-0.399937 -0.009494 0.159423
-0.063817 0.419206 0.413876
-0.303810 0.492730 -0.438865
-0.145700 0.012187 0.493708
-0.251876 -0.349621 0.492936
-0.240289 0.322312 0.218104
-0.490100 -0.438771 0.059577
0.071236 -0.480567 0.360609
0.144542 -0.300105 0.412879
0.148890 0.345950 0.488823
0.064938 -0.426181 0.452872
-0.447092 -0.349942 0.307991
-0.292362 -0.499231 -0.363915
-0.012006 0.480700 -0.180510
-0.491762 -0.127372 -0.006927
-0.484864 -0.188788 -0.148463
-0.315788 0.206014 -0.498914
-0.380403 0.169563 0.455336
-0.250130 -0.450151 0.218497
0.228663 0.012783 -0.374484
-0.294035 0.203464 0.333748
-0.489071 0.456378 -0.264905
-0.174455 0.002957 0.392033
-0.235094 -0.301007 0.320750
-0.480807 -0.342359 0.391062
-0.443183 0.298811 0.331068
-0.295884 0.463696 0.424823
-0.061524 -0.371469 0.494815
-0.306806 0.035085 0.411678
-0.489527 0.142573 0.465896
-0.405449 -0.411744 0.011167
-0.353061 0.180349 0.385675
-0.493843 -0.108615 0.099403
-0.424006 0.148139 0.251071
-0.271005 0.309003 -0.355019
-0.340404 -0.109338 0.337378
-0.402696 -0.272055 0.464481
0.129653 -0.265252 0.469180
-0.349052 0.489097 0.220901
-0.427968 0.109536 0.121531
-0.170003 -0.492192 0.261245
0.090215 -0.065110 0.499797
-0.426221 0.363595 -0.247027
-0.156662 -0.351837 0.371751
-0.262434 -0.216751 0.446832
-0.377957 -0.174580 0.168251
-0.223996 -0.406612 0.420536
-0.284238 -0.310440 0.195498
-0.242331 -0.351605 0.233981
-0.437238 0.277184 -0.496421
-0.170314 0.350801 0.497337
-0.455763 0.352464 -0.066442
0.485015 -0.298869 0.417758
0.180042 0.309231 0.174141
-0.406285 -0.289771 0.283401
-0.459922 -0.139539 -0.093655
-0.466604 -0.453284 0.312845
-0.405332 0.222519 0.491818
-0.491091 -0.127815 -0.344268
-0.409937 -0.119460 0.357251
-0.451786 0.001416 -0.495674
0.014725 -0.434725 0.345611
-0.170685 -0.278480 0.193168
-0.034882 0.211809 -0.303696
-0.457859 0.334672 0.198683
-0.394234 -0.372385 0.077303
-0.496402 0.490936 0.117206
-0.471812 -0.060950 0.218292
0.170172 -0.422995 0.422551
-0.339722 0.392260 0.191715
-0.429451 0.185026 -0.366185
-0.492544 0.372875 -0.389755
-0.487875 0.305972 0.108655
-0.346860 0.252940 0.407219
-0.374473 0.328510 0.430469
-0.489323 -0.472625 0.113397
0.045408 -0.250943 0.499695
-0.270904 -0.413417 0.270785
-0.257729 -0.238083 0.360389
-0.484835 -0.248221 0.233487
-0.038553 -0.486376 0.406033
0.136428 -0.495731 0.398227
-0.400773 0.476340 0.172010
-0.484027 -0.002075 -0.070946
-0.486913 -0.174221 0.185617
-0.274053 -0.376658 0.360593
-0.347403 -0.459528 0.246051
-0.219289 0.188675 0.394141
-0.327541 0.321989 0.279664
-0.421898 0.262990 0.181518
-0.009763 0.134650 0.403545
-0.264430 0.226524 -0.372352
-0.406970 -0.211975 -0.382592
-0.062319 -0.391247 0.356885
-0.431166 -0.057488 0.369469
-0.408024 0.035471 0.218551
-0.400131 -0.402050 0.385642
0.147499 -0.497850 -0.080732
-0.346289 -0.025166 -0.246038
-0.174746 0.122077 0.454428
-0.288059 -0.420601 0.162795
-0.420542 -0.206495 0.275981
-0.342142 0.019927 0.310168
-0.481708 0.020296 0.140942
-0.182007 0.490349 0.496382
-0.319344 0.179932 0.220830
-0.376609 -0.042201 0.320034
-0.373740 0.431572 0.315696
0.044363 -0.497357 0.447924
-0.363559 0.429884 0.457945
-0.277069 0.495809 0.351352
0.144283 -0.477453 0.477814
-0.190144 -0.419082 0.253079
-0.249457 -0.026345 0.417835
-0.361580 -0.211382 -0.497591
-0.390784 0.370057 0.237534
-0.385303 0.150178 0.301037
-0.083628 0.336399 0.183160
-0.493207 0.064538 -0.088655
-0.451041 -0.194299 0.390784
-0.338565 0.100874 0.290481
-0.428469 0.074231 0.309618
-0.443371 0.426044 0.362186
-0.400973 0.056187 0.399333
-0.287377 0.038189 0.470919
-0.350840 0.092850 0.456260
-0.152365 -0.407155 0.302722
-0.061271 -0.197110 0.457069
-0.457956 0.091526 0.376860
-0.320576 -0.092883 0.235679
-0.277164 -0.057330 -0.055755
-0.223164 0.096785 0.478968
-0.418205 0.481324 0.482193
-0.497211 0.384722 0.019889
-0.455094 0.206526 0.397421
-0.459114 0.427476 0.183832
-0.333306 0.148313 -0.306118
-0.380081 0.456148 0.389122
-0.472068 0.428944 -0.036956
-0.390761 -0.005468 0.445484
-0.212798 -0.177292 0.475908
-0.208890 0.015835 -0.133919
-0.360588 -0.334996 0.445053
-0.272772 -0.492726 0.168174
-0.453401 -0.113613 0.431926
-0.437479 0.151254 -0.421520
-0.466575 0.203943 0.256966
-0.341360 -0.442908 0.352760
-0.490518 -0.269107 0.381326
-0.430008 -0.296304 0.210101
-0.494490 -0.011413 0.261802
0.213892 -0.374580 0.480379
-0.499963 0.269643 0.384997
-0.072344 0.461808 0.415830
0.482159 0.373620 0.274003
-0.442305 -0.491057 0.060850
-0.134876 -0.484313 0.499860
-0.444703 0.226564 0.338029
-0.047815 0.491868 0.464911
-0.303038 0.426747 0.252039
-0.017545 -0.414276 0.429972
-0.350719 -0.192040 0.052688
-0.291105 -0.033738 0.461531
-0.033426 -0.478032 0.498162
-0.266282 -0.128392 0.462411
-0.499937 0.151131 0.287091
-0.121261 -0.272741 0.385381
-0.422899 -0.001742 0.313280
-0.489469 -0.096220 -0.284456
-0.374087 -0.348436 0.335796
-0.483695 0.498251 -0.049362
-0.476638 0.472744 0.039367
-0.477746 0.099745 0.252812
-0.281269 -0.297253 0.486243
-0.493821 0.356078 0.259042
-0.438993 0.452892 0.279797
0.064401 0.442930 0.425193
-0.222089 -0.485696 0.315987
-0.279657 -0.095729 0.384230
-0.300552 -0.022328 0.346712
-0.181826 -0.352787 0.487547
-0.376673 0.268827 0.318263
-0.394782 0.378203 -0.410048
-0.471535 -0.290238 0.314667
-0.498564 -0.149152 0.298906
-0.493843 0.288210 0.496748
-0.258209 0.220516 -0.038740
0.112100 0.207332 -0.099656
-0.498633 0.149192 0.405773
-0.493842 0.257269 0.299024
-0.344368 0.308371 0.378822
-0.302694 -0.156039 0.379204
-0.452842 0.077892 0.472104
-0.382580 0.281467 0.237455
-0.275217 -0.420982 0.340484
-0.327928 -0.404236 0.429608
-0.209507 0.140523 -0.223747
-0.418129 0.342687 0.364974
-0.485173 0.007568 0.386341
-0.461907 -0.046866 0.453640
-0.410216 -0.221289 0.216554
-0.001995 0.364648 -0.057839
-0.305769 0.346271 0.000922
0.058297 0.224427 0.491776
-0.375068 -0.229039 0.415688
-0.178062 -0.478498 0.377320
-0.253758 0.498138 0.134699
-0.345979 0.303594 0.134358
-0.493486 -0.129340 0.363253
0.096266 -0.377721 0.139194
-0.369925 -0.179895 0.296706
-0.313378 0.498982 0.492994
-0.127715 -0.398167 0.478079
-0.089162 -0.463909 0.451514
-0.220607 -0.411818 0.499135
-0.482531 -0.178820 0.110154
-0.482542 0.013180 0.486752
-0.283605 -0.440212 0.482296
-0.475371 -0.176239 0.482840
-0.387265 -0.394403 0.483640
-0.350455 -0.463705 0.443045
0.022289 -0.462910 0.295473
0.014565 -0.232266 0.306852
-0.465424 0.375554 0.428201
-0.486412 0.033809 0.333797
-0.478088 0.481187 0.331540
-0.427539 0.472001 -0.102050
-0.420263 0.324032 0.459228
-0.328418 -0.070408 -0.397029
-0.209642 -0.412808 0.356341
-0.477247 -0.250025 0.480495
-0.461230 -0.454996 0.418691
-0.268265 -0.334165 0.421349
-0.211364 -0.483855 0.452314
-0.408749 0.380123 0.097529
-0.269961 -0.467482 0.395260
0.066588 -0.256534 0.432820
-0.414236 -0.490420 0.368725
-0.011950 -0.378255 0.493388
-0.488757 -0.040488 0.330897
-0.113983 0.138472 0.487884
-0.487661 0.469161 0.431215
-0.402850 -0.202513 0.474649
-0.354920 0.382627 0.388454
-0.494808 0.244628 -0.103707
-0.297287 -0.466565 0.263814
-0.179269 -0.335523 0.306360
-0.151346 0.312116 -0.023352
-0.473562 -0.368809 0.484424
-0.430167 0.421632 0.430696
-0.297676 -0.181108 0.299845
0.206467 -0.217189 0.361693
-0.455294 -0.455044 0.498213
-0.483846 -0.495558 -0.047066
-0.482489 0.377178 0.332283
-0.417750 0.269936 0.400955
-0.492194 -0.059545 -0.121193
-0.335995 -0.231855 0.492871
-0.424388 0.341127 0.297587
-0.494676 0.490601 0.233958
-0.361986 0.492191 0.077821
-0.304186 -0.363373 0.485615
-0.325584 -0.129569 -0.095825
-0.234805 0.498953 0.429672
-0.464366 0.237318 0.458931
-0.110402 -0.499554 0.298597
0.103904 -0.136433 0.485477
0.413584 -0.295508 0.459910
-0.394208 0.423268 0.222057
-0.438635 -0.233206 0.337545
-0.184250 -0.478988 0.214105
-0.395942 -0.062245 0.461224
-0.030850 0.420614 0.489421
-0.495603 -0.301914 0.478814
0.180451 -0.096655 0.375069
-0.425213 0.414176 0.499942
-0.252199 0.020448 0.372068
-0.498123 -0.374585 0.263860
-0.058738 -0.470225 0.223447
-0.064737 0.407422 -0.061487
-0.259969 0.334020 0.455496
-0.414311 -0.425112 0.220905
-0.427683 0.149297 0.366223
-0.419401 -0.481822 0.439509
-0.282951 -0.345261 0.294441
-0.486498 -0.500000 0.368834
-0.260287 -0.476099 0.100626
-0.434136 0.499873 0.384059
-0.478121 0.015607 0.213299
-0.499440 -0.389103 0.340443
-0.301316 -0.417340 0.096419
-0.129182 0.497622 -0.128691
0.106378 0.003549 0.496352
0.375063 -0.140894 0.482614
-0.401315 0.498916 0.327094
-0.414718 0.097788 0.255236
-0.497863 -0.027445 0.160708
-0.340567 -0.389986 0.187724
