0.777245 -0.399800 0.169851
0.797485 -0.283293 0.288211
0.792002 -0.419425 0.083186
0.746218 -0.351104 0.015933
0.904646 -0.360672 0.249898
0.666045 -0.396371 0.158713
0.616166 -0.289024 -0.066594
0.869764 -0.482511 0.141422
0.785781 -0.398493 0.309520
0.858483 -0.326112 0.378481
0.849982 -0.319638 0.184900
0.876571 -0.385050 0.098520
0.827466 -0.207991 0.091136
0.723019 -0.495591 0.145671
0.662218 -0.462298 -0.027955
0.924533 -0.307080 0.055885
0.947412 -0.437003 0.186728
0.886294 -0.469022 0.256580
0.648668 -0.277661 0.077613
0.948488 -0.454954 0.398928
0.795033 -0.172893 -0.022551
0.692042 -0.482811 -0.134926
0.830858 -0.254719 -0.086666
0.703807 -0.459578 0.357234
0.701803 -0.293395 -0.034290
0.754939 -0.105901 0.024041
0.661599 -0.350370 -0.008613
0.995394 -0.420916 0.476569
0.755810 -0.320375 0.097005
0.944825 -0.481011 0.024212
0.601863 -0.490796 0.179631
0.984660 -0.273261 0.322699
0.637883 -0.295339 -0.169527
0.831315 -0.248204 0.441345
0.992327 -0.490240 0.124380
0.934866 -0.242110 -0.014114
0.906645 -0.294110 0.272842
0.725232 -0.282004 -0.107413
0.853289 -0.383856 -0.066701
0.905931 -0.379559 0.304952
0.771998 -0.291356 0.388081
0.954944 -0.223523 0.088226
0.964779 -0.157996 0.190163
0.796850 -0.448464 -0.034395
0.617257 -0.441413 -0.177951
0.634213 -0.499717 0.292465
0.716734 -0.320436 0.151935
0.697166 -0.216978 0.314270
0.803223 -0.493087 0.343344
0.971090 -0.488482 0.283651
0.776133 -0.465057 0.241370
0.991749 -0.360906 0.072872
0.983915 -0.191016 -0.068658
0.655066 -0.185148 -0.168128
0.994980 -0.375007 0.355576
0.757122 -0.357191 0.248969
0.694083 -0.411507 0.268215
0.705535 -0.382604 -0.110644
0.794262 -0.368610 0.454397
0.684274 -0.381782 0.361917
0.693949 -0.237648 0.432402
0.707993 -0.400985 -0.237258
0.583551 -0.360084 -0.205702
0.596246 -0.305650 0.279661
0.620834 -0.299791 0.427195
0.594487 -0.370598 -0.295306
0.792612 -0.397127 -0.209381
0.779851 -0.445819 0.416456
0.869479 -0.218126 0.246641
0.708347 -0.273835 0.240424
0.899143 -0.429964 0.466107
0.788304 -0.189167 0.263685
0.982438 -0.229040 0.411483
0.531939 -0.358141 0.099849
0.828092 -0.464777 -0.171603
0.641109 -0.295310 0.199460
0.992844 -0.321067 0.156071
0.684763 -0.402451 0.453339
0.686411 -0.371906 0.099717
0.951386 -0.093037 0.098798
0.864049 -0.401154 0.176086
0.882769 -0.157889 -0.024244
0.642211 -0.476318 0.081090
0.506832 -0.362712 0.496364
0.685447 -0.194862 0.195530
0.884082 -0.036502 0.065223
0.866386 -0.086218 0.241175
0.958255 -0.048703 0.275827
0.904806 -0.250689 0.156810
0.990784 -0.373389 -0.016866
0.555787 -0.431322 0.464174
0.556182 -0.443868 0.072301
0.961453 -0.456814 -0.097402
0.866247 -0.306252 -0.162265
0.999423 -0.162115 0.029830
0.813926 -0.499003 -0.252875
0.869670 -0.435803 0.363242
0.773376 -0.225289 0.165913
0.748371 -0.221620 -0.176585
0.883690 -0.083505 -0.046323
0.525704 -0.323272 -0.087457
0.609875 -0.209595 0.302846
0.871541 0.048445 0.039808
0.701980 -0.446890 0.055876
0.898755 -0.403058 -0.150827
0.833247 -0.293871 -0.270076
0.792598 -0.328932 -0.058321
0.982668 -0.294040 -0.071554
0.850176 -0.113721 0.129337
0.577258 -0.397479 -0.082713
0.976339 -0.102729 -0.160865
0.700689 -0.496691 0.208740
0.899747 -0.023184 0.167223
0.891970 -0.324044 -0.002352
0.506464 -0.252118 0.344240
0.715472 -0.231735 -0.308502
0.512203 -0.189813 0.227172
0.952684 -0.050425 0.019189
0.989192 -0.268541 0.227940
0.803780 -0.051231 -0.082298
0.488220 -0.455972 -0.005824
0.767350 0.059856 0.108645
0.924527 -0.311691 0.474443
0.476438 -0.397349 0.285506
0.754512 -0.060422 0.166394
0.881322 -0.126925 0.386691
0.693203 -0.203326 0.067089
0.491140 -0.449635 -0.184933
0.960821 -0.136878 0.261952
0.641594 -0.394583 -0.388621
0.609684 -0.138622 0.328642
0.702825 -0.328139 0.428061
0.968624 -0.237951 -0.182964
0.553353 -0.314939 0.172016
0.768002 0.022638 0.283343
0.734311 -0.308704 -0.216082
0.494228 -0.498742 0.253774
0.717725 -0.113337 0.232737
0.985755 -0.357339 -0.138784
0.889256 -0.479755 -0.111400
0.676267 -0.136170 0.087203
0.859010 -0.482877 0.050980
0.767706 -0.165373 0.381503
0.889796 -0.352574 -0.300577
0.671083 -0.492041 -0.297224
0.997504 -0.144868 0.345829
0.442332 -0.181084 0.367336
0.613128 -0.490406 0.495331
0.653535 -0.304353 -0.368909
0.471043 -0.322320 0.015770
0.859156 -0.378270 -0.226583
0.563961 -0.436108 0.264710
0.710681 -0.304788 0.319983
0.589071 -0.243997 0.000112
0.728471 -0.445894 -0.385054
0.887361 -0.230982 -0.202835
0.817788 0.083348 0.240226
0.904529 -0.256715 -0.097994
0.986703 -0.072706 0.195555
0.699549 -0.140748 -0.068219
0.907963 -0.201908 0.473918
0.456094 -0.499703 0.155805
0.884980 -0.244664 0.351544
0.791915 -0.457021 -0.447055
0.713026 -0.049380 0.307299
0.978990 0.007114 -0.127393
0.950225 -0.362416 -0.340774
0.562456 -0.455550 0.394548
0.454337 -0.378672 0.200455
0.354613 -0.435412 0.245419
0.612834 -0.131132 -0.052453
0.491839 -0.456355 0.075598
0.529010 -0.347880 0.355464
0.991705 -0.089497 -0.073660
0.891721 -0.460422 -0.266105
0.897072 -0.041669 -0.169286
0.997187 -0.390296 0.298676
0.810527 -0.191769 -0.136968
0.919905 -0.445479 -0.348056
0.650878 -0.206265 -0.076110
0.620338 0.013771 0.416687
0.877807 -0.195261 0.150221
0.401454 -0.271666 -0.089046
0.741075 -0.065018 -0.133330
0.426352 -0.210816 0.282895
0.674523 -0.042790 -0.030707
0.520899 -0.124645 -0.064718
0.484997 -0.266815 0.444184
0.679237 -0.493243 0.434579
0.809546 -0.236811 -0.359970
0.649882 -0.216509 -0.411898
0.600117 -0.357843 0.083800
0.702770 -0.049079 0.069981
0.953504 0.034695 0.248112
0.981416 -0.157352 0.496709
0.585798 -0.177572 0.167668
0.563741 -0.306136 0.003754
0.426680 -0.437473 -0.086088
0.713377 -0.113436 0.425419
0.587579 -0.462520 -0.013527
0.793201 0.214185 0.173001
0.793336 -0.361076 -0.349233
0.417095 -0.414350 0.460002
0.753591 0.151502 0.318622
0.665186 0.170076 0.210610
0.831138 -0.181246 -0.270330
0.950651 -0.073099 0.400876
0.532737 -0.027300 0.281248
0.672346 0.234063 0.290776
0.647711 -0.117713 0.221968
0.684467 0.091800 0.168653
0.976132 -0.251244 -0.319973
0.953264 -0.348408 -0.228860
0.718403 -0.491262 -0.213597
0.762161 -0.009488 0.427536
0.423856 -0.336272 0.327211
0.539579 -0.115704 0.343437
0.759384 0.147527 0.142981
0.803177 -0.368762 0.005098
0.999272 0.012402 0.006558
0.639657 -0.168120 0.001176
0.442959 -0.405502 0.394003
0.550624 -0.204526 0.431643
0.833684 -0.093268 0.307430
0.548639 -0.186337 -0.457245
0.934608 0.005506 -0.052955
0.752104 -0.481838 -0.109772
0.752761 0.031374 0.005649
0.936714 -0.019791 -0.249618
0.795557 -0.273820 -0.477227
0.837045 0.215153 0.362352
0.560679 -0.204374 -0.197238
0.536284 -0.054857 0.416310
0.493731 -0.331868 -0.186755
0.883660 -0.142828 0.050062
0.620075 -0.183050 -0.337649
0.615368 -0.144553 0.459821
0.962787 -0.481465 -0.208179
0.397896 -0.334503 0.430511
0.875395 -0.115792 -0.100290
0.998863 -0.033236 0.461282
0.923787 0.040626 0.103407
0.604370 -0.076737 0.051176
0.876229 0.209138 0.102036
0.326745 -0.318841 0.366197
0.841046 0.005459 -0.040876
0.751230 -0.486121 0.490699
0.814183 -0.379114 -0.145371
0.474650 -0.197690 -0.290154
0.566785 0.092101 0.396446
0.638295 -0.454984 0.350464
0.754620 -0.142318 0.123870
0.219127 -0.235148 0.405757
0.744161 -0.291621 0.495844
0.648469 -0.005225 0.235099
0.736035 -0.080787 -0.360568
0.552414 -0.475796 -0.235992
0.513310 -0.137598 -0.238181
0.893789 -0.112115 -0.240494
0.876235 -0.454938 -0.043158
0.894638 -0.035726 0.352506
0.502685 -0.223835 0.036578
0.844638 -0.308366 0.068915
0.609376 -0.272802 -0.284314
0.594392 0.008674 0.032923
0.987831 -0.411362 -0.276977
0.914217 0.080186 -0.133628
0.877140 0.003780 0.290997
0.903001 -0.412344 -0.433127
0.673594 -0.346977 -0.265707
0.407188 -0.137169 -0.039304
0.896872 -0.054746 0.473458
0.755338 -0.385578 -0.489157
0.508103 -0.284139 0.252170
0.705232 -0.133759 -0.271415
0.293509 -0.252037 0.301115
0.839551 -0.146675 0.491329
0.375780 0.009138 0.269550
0.943342 0.116309 0.067219
0.425945 -0.289858 0.215374
0.648097 0.286986 0.170700
0.901080 0.189293 0.223610
0.483419 -0.274302 0.147123
0.624947 -0.052432 0.136881
0.369877 -0.403395 0.308597
0.966142 0.107137 -0.008949
0.552217 -0.285651 -0.478288
0.667644 -0.030576 -0.418309
0.941274 -0.197196 -0.374559
0.422664 -0.067046 0.291061
0.910986 0.194849 -0.211116
0.684362 -0.217800 -0.494479
0.773943 0.090446 0.396401
0.972249 0.114391 0.190790
0.866439 0.064122 0.382616
0.380150 -0.134986 -0.151640
0.431793 -0.182020 0.475687
0.617802 -0.054740 -0.131128
0.681066 -0.444930 -0.462874
0.637942 -0.090070 -0.342383
0.521157 -0.440647 0.184449
0.668566 0.110917 0.305690
0.802819 0.172827 -0.012548
0.988964 0.119714 -0.093939
0.673917 0.009223 -0.182833
0.598526 -0.162902 0.090293
0.360265 -0.115628 0.238019
0.372714 -0.073146 0.013084
0.588818 0.035746 -0.349994
0.452571 -0.469964 0.326915
0.690413 -0.102884 0.341738
0.897056 -0.275903 -0.402045
0.594782 0.137262 0.094559
0.347345 0.016976 0.355672
0.521992 0.020133 0.204494
0.303454 -0.209260 0.207092
0.941420 -0.176113 -0.284904
0.766877 -0.203055 0.499555
0.421496 0.005393 -0.071283
0.479545 -0.205880 -0.059372
0.972367 0.245024 -0.122688
0.790188 -0.026084 -0.218493
0.992039 0.093268 0.391798
0.853265 0.019534 -0.222330
0.918513 0.106354 0.293683
0.582453 0.078633 0.246077
0.920890 0.006202 -0.316308
0.867437 -0.052658 -0.354853
0.398304 -0.042334 -0.214858
0.630618 -0.462858 -0.384937
0.701639 0.238714 0.436014
0.884894 0.110399 0.161770
0.437796 -0.084467 -0.100702
0.573750 -0.492101 -0.097685
0.725327 0.217232 -0.115356
0.944605 -0.107059 -0.394845
0.324999 -0.318540 0.166725
0.360061 -0.360894 -0.141245
0.395986 -0.263555 0.481422
0.731810 0.002567 -0.469199
0.742901 0.150259 -0.436684
0.341717 -0.326294 0.096471
0.474105 -0.041567 0.350745
0.397014 -0.485260 0.330894
0.368579 -0.433161 -0.265638
0.554952 -0.202055 -0.106082
0.801570 -0.003556 -0.478148
0.855916 -0.180228 -0.477241
0.400122 -0.290525 -0.275283
0.397803 -0.430290 0.010527
0.185063 -0.290028 0.484823
0.927251 0.159106 0.363238
0.098792 -0.137465 0.433116
0.591957 -0.311968 -0.354166
0.550592 0.102057 -0.054402
0.687293 0.097462 0.435226
0.995243 0.059508 0.489727
0.969232 -0.346554 -0.450305
0.926365 0.262025 0.212164
0.718229 0.236476 0.052514
0.637695 0.075597 -0.471824
0.708332 -0.124108 -0.479105
0.821592 0.216829 0.287683
0.974126 0.012880 0.360419
0.531083 -0.197648 0.310263
0.377577 -0.490997 0.498104
0.369866 -0.098430 0.394031
0.276625 -0.170106 0.407078
0.835503 0.128830 0.051138
0.247837 -0.487953 0.046696
0.756857 -0.261582 0.027613
0.452320 -0.089335 0.207785
0.416302 -0.354854 0.104643
0.285239 -0.442134 0.423036
0.528619 -0.048793 0.055363
0.476618 -0.492469 0.425709
0.440765 -0.250676 0.368459
0.655017 0.040395 0.093297
0.787086 0.062088 0.494103
0.663192 0.148919 0.096448
0.324872 -0.311749 0.498324
0.539190 -0.055558 -0.313309
0.732326 -0.194856 -0.393994
0.961261 0.293409 0.345479
0.519729 -0.042581 0.148264
0.722413 -0.250799 -0.420685
0.624705 -0.119710 -0.478465
0.830782 0.226095 -0.167843
0.448949 -0.081061 0.105958
0.358847 -0.159612 0.353641
0.392241 -0.183682 0.178715
0.546208 0.140217 0.469260
0.887677 -0.320975 -0.490977
0.495998 -0.142024 -0.153081
0.446165 -0.231981 0.040387
0.852199 0.132080 0.463013
0.502865 -0.396115 -0.022044
0.857277 0.045654 0.451671
0.595809 -0.001936 0.336904
0.523252 0.035430 -0.016860
0.651662 -0.339364 -0.479348
0.535358 -0.104921 0.052442
0.802559 -0.368544 -0.417426
0.415038 -0.098739 0.455936
0.396444 -0.359980 0.220729
0.836555 0.092858 -0.153497
0.341164 -0.231226 -0.283139
0.713641 0.096707 -0.223636
0.977249 0.215351 0.003690
0.261536 -0.387765 0.283696
0.278065 -0.484415 0.284857
0.761071 0.281865 0.234343
0.984662 -0.089835 -0.305917
0.537633 -0.450039 -0.435590
0.845170 0.196312 -0.281194
0.767222 0.152799 0.467518
0.891683 0.344210 0.303187
0.598852 -0.113818 -0.249539
0.865549 0.290429 -0.100023
0.783230 -0.068136 -0.294674
0.845238 0.284906 -0.256699
0.266995 -0.312491 0.432867
0.090694 -0.207978 0.390805
0.545858 -0.124818 0.470035
0.430665 -0.385601 -0.333803
0.447449 0.038054 0.189213
0.738589 -0.067512 0.496369
0.906578 0.172495 -0.144871
0.306631 -0.427232 0.037220
0.243355 -0.455929 -0.077151
0.990259 -0.239774 -0.441350
0.759261 0.031470 -0.283921
0.287745 -0.086880 0.102979
0.764628 -0.101166 -0.212669
0.515660 -0.044712 -0.097579
0.166583 -0.244188 0.321393
0.504202 -0.402129 -0.350150
0.787516 -0.140439 -0.441521
0.804258 0.003272 -0.392004
0.935618 0.053041 -0.204284
0.736980 -0.425410 -0.300256
0.698973 0.278771 -0.042311
0.819966 0.010439 0.157359
0.463832 -0.494461 -0.256444
0.604249 0.164044 0.371644
0.688468 -0.042725 0.398360
0.894995 0.110743 -0.049771
0.679580 0.031511 0.494462
0.687319 -0.020728 -0.271695
0.808749 -0.471281 -0.351118
0.782222 0.026360 -0.112573
0.549591 -0.262051 -0.283355
0.844186 0.156314 -0.105214
0.797543 -0.029071 0.052960
0.620571 -0.002327 -0.495296
0.948358 0.288243 0.106088
0.488263 -0.317362 -0.409129
0.297229 -0.182734 0.307420
0.822435 0.289587 0.468657
0.342282 -0.348327 -0.028980
0.239511 -0.341164 -0.030572
0.396439 -0.460044 0.105405
0.905163 0.262068 0.443317
0.717630 0.042946 -0.369127
0.936659 0.178654 0.498337
0.781986 0.263591 -0.028027
0.688117 0.130420 -0.037339
0.226407 -0.342102 0.067681
0.184124 -0.384043 0.497275
0.301407 -0.412925 0.172705
0.716401 -0.363288 -0.409743
0.289130 -0.051886 -0.115592
0.856874 -0.473780 -0.492310
0.546488 -0.091936 -0.426502
0.104349 -0.317291 0.316520
0.983739 -0.134110 -0.495549
0.555139 -0.247283 0.105929
0.118034 -0.364177 0.391349
0.811488 -0.063783 0.493434
0.181675 -0.120637 0.291132
0.475256 -0.035122 -0.177920
0.953222 -0.479405 -0.487151
0.609170 0.137216 0.150446
0.194964 -0.483158 0.368774
0.216787 -0.349218 0.180141
0.599156 0.062035 0.319669
0.720518 0.387220 0.271658
0.020261 -0.207477 0.491178
0.317548 0.039992 0.137353
0.750343 0.135710 -0.123640
0.352211 0.081136 -0.096787
0.386424 -0.235205 -0.166527
0.853126 0.112589 -0.372705
0.881309 0.379189 0.456590
0.174981 -0.137555 0.358543
0.289823 -0.350405 -0.215299
0.197237 -0.396558 0.362080
0.838867 0.104072 -0.243535
0.494257 -0.327279 -0.344442
0.922952 -0.038640 -0.472942
0.452515 0.072728 0.475608
0.375773 0.155789 0.001715
0.386905 -0.380172 -0.443244
0.311748 -0.420421 -0.052333
0.772521 0.315873 0.359697
0.954491 0.113503 -0.272341
0.693898 0.052469 -0.089567
0.454534 -0.160747 0.168253
0.137717 -0.497386 0.173949
0.227191 -0.015079 0.152548
0.448263 0.093305 0.301596
0.596539 -0.363976 -0.491114
0.661077 0.049254 -0.005262
0.148163 -0.192846 0.483557
0.503045 -0.020018 0.499682
0.985661 0.198570 0.090232
0.840555 -0.494681 0.474970
0.921517 0.369839 -0.011317
0.833976 0.304689 0.165506
0.365128 -0.248277 0.105957
0.632289 0.200838 0.120599
0.245463 -0.217110 -0.090099
0.800734 0.300335 -0.164318
0.519929 0.015556 -0.400721
0.644685 0.301078 -0.101699
0.230939 -0.189383 0.079803
0.036655 -0.403534 0.348630
0.130849 -0.489447 -0.040157
0.948765 0.321776 0.490068
0.438248 0.073350 0.394893
0.900652 0.196975 -0.043000
0.614307 -0.047304 -0.232717
0.502916 -0.363442 -0.260495
0.317693 -0.199977 -0.015683
0.372316 0.043438 0.450118
0.036588 -0.487924 0.416883
0.753404 0.179610 -0.201124
0.912124 0.043703 -0.421171
0.385338 -0.044211 0.192925
0.132778 -0.388333 -0.021032
0.997735 0.045802 -0.327893
0.379187 -0.124707 -0.276378
0.794331 0.093053 -0.392615
0.272361 -0.128665 -0.193862
0.166089 -0.211708 0.245375
0.589894 -0.358598 0.417618
0.467752 0.213471 0.449261
0.740786 0.127734 -0.310329
0.647228 -0.054805 0.482051
0.354222 -0.253740 0.019555
0.552153 0.122636 -0.475907
0.999004 0.131180 -0.410560
0.915573 -0.498044 -0.407416
0.903446 0.295694 0.031262
0.621206 0.298985 0.475640
0.726466 0.210156 -0.309696
0.793761 0.071797 -0.483413
0.826123 0.151293 -0.452979
0.562969 0.084559 -0.250621
0.902466 0.267802 -0.220569
0.695172 0.057270 0.247839
0.431553 0.044876 -0.191364
0.652940 0.269181 -0.399709
0.265998 -0.119037 0.022357
0.630218 0.248293 -0.180404
0.499994 0.114581 0.281852
0.622304 0.278172 0.070875
0.433810 0.030849 0.070087
0.194306 -0.307912 0.339802
0.491680 -0.200735 -0.177222
0.139676 -0.407053 0.082678
0.471408 -0.139420 -0.462988
0.482317 0.134604 0.121050
0.978675 0.225944 -0.333650
0.414527 0.219019 0.342988
0.988593 0.201842 0.429152
0.344383 -0.287268 -0.100715
0.454947 0.099775 -0.079512
0.467528 -0.114658 -0.343838
0.156946 -0.033925 0.346251
0.739673 0.198008 0.246268
0.877176 0.300717 -0.370779
0.158578 -0.382052 -0.187922
-0.004288 -0.275275 0.424137
0.469370 0.168288 -0.137077
0.701852 0.427887 -0.119054
0.311932 -0.172659 0.120333
0.707977 0.248950 0.164155
0.338798 -0.474114 -0.149538
0.226470 -0.249145 0.180238
0.521081 0.249417 0.304935
0.276647 -0.030207 -0.002996
0.132914 -0.314550 0.239992
0.612036 0.085884 -0.114233
0.918588 0.204286 -0.490764
0.991105 0.184700 0.299406
0.054078 -0.350692 0.239559
0.256739 -0.319769 -0.103296
0.418736 -0.011678 -0.297992
0.511080 0.040524 -0.489189
0.484713 0.164065 0.208261
0.541145 0.305005 0.375854
0.049838 -0.344176 0.072695
0.288458 -0.047423 -0.245926
0.347310 0.137184 0.484508
0.078165 -0.470021 0.114469
0.995460 -0.001302 0.138296
0.259744 -0.048611 0.245998
0.670298 0.124229 -0.385873
0.539995 0.033287 -0.139512
-0.062047 -0.403424 0.499506
0.143353 -0.132188 0.205290
0.450187 -0.081544 0.028642
0.116492 -0.405567 0.195932
0.293104 -0.220296 -0.161319
0.796380 -0.143082 -0.341448
0.502759 0.107555 -0.383464
0.236366 0.076992 0.250020
-0.002398 -0.435939 0.198202
0.653622 0.158434 -0.489017
0.808577 0.414080 -0.364179
0.664636 0.295023 0.372025
0.682403 0.039185 0.332963
0.960611 0.328058 -0.302997
0.536413 0.182498 -0.216264
0.370381 -0.078146 -0.414723
0.945768 0.372376 -0.188966
0.562064 0.052764 0.142687
0.938065 0.383045 0.163945
0.355517 0.254913 0.411111
-0.018073 -0.223423 0.290442
0.238926 -0.068544 0.359830
0.288489 0.204950 0.270798
0.351309 -0.414043 0.397894
0.643051 0.244250 -0.292158
0.445996 -0.479945 -0.358501
0.801023 0.234380 -0.360038
0.216049 -0.472318 0.470667
0.725725 0.335748 0.172376
0.133461 -0.038016 0.226248
0.085584 -0.296876 0.416043
0.300695 -0.115091 0.499490
0.819519 0.340300 -0.010930
0.228449 -0.222230 -0.005093
0.258909 0.016940 0.052254
0.162932 -0.483856 -0.204113
0.996886 -0.495244 -0.336259
0.186241 -0.322004 -0.123368
0.568385 0.246451 -0.478768
0.376375 0.137088 0.103593
0.828794 0.428992 0.251318
0.461375 -0.043396 -0.456860
0.866958 0.453952 0.193817
0.489674 -0.354512 -0.488052
-0.038025 -0.314963 0.265732
0.106147 -0.248882 -0.222151
0.652210 0.159629 -0.142717
0.602498 0.164681 0.276348
0.077743 -0.104737 0.283899
0.293529 0.311825 0.297924
-0.045584 -0.458913 0.364477
0.394162 -0.264034 -0.441329
0.966264 0.300443 -0.419869
0.529475 0.292459 0.196945
0.558453 -0.096632 0.205956
0.799930 0.213588 0.084372
0.110420 -0.443753 0.295064
0.880305 0.358318 -0.097268
0.446124 0.222444 0.102461
-0.111317 -0.318409 0.479770
-0.010551 -0.332769 0.171301
0.336584 -0.246277 0.415123
0.321808 -0.332206 -0.370142
0.964036 0.352910 0.242733
0.386785 -0.166541 0.057011
0.344085 -0.168688 -0.395694
0.036624 -0.366534 0.457131
0.554972 -0.260902 0.499573
0.646000 0.056224 -0.282773
0.777325 0.419162 0.132651
0.527221 -0.204187 -0.367870
0.550088 0.220742 0.029289
0.811726 0.324105 0.053456
0.295250 0.079053 0.386854
0.076176 -0.028928 0.344968
0.326366 -0.323457 -0.484374
0.943050 0.233854 -0.406838
0.133502 -0.270783 0.101627
0.964453 0.358491 0.308365
0.117519 -0.226246 -0.064425
0.102864 -0.448790 0.460547
0.236213 0.269603 0.354682
0.356028 -0.290425 0.271630
0.354282 -0.060715 -0.062792
0.185366 -0.135544 0.133460
0.919991 0.427017 0.347687
0.297780 0.153144 -0.164936
0.460365 0.195439 -0.256369
0.203900 -0.300320 -0.314663
0.996644 0.320231 0.043553
0.209382 0.002982 -0.057265
0.111369 -0.317715 -0.271274
0.320511 0.046419 -0.268297
0.954830 0.297867 -0.052430
0.211505 -0.229009 -0.298522
0.929938 0.468587 0.265629
0.992335 -0.418156 -0.433661
0.837663 0.400667 0.364656
0.978483 0.471301 0.184899
0.082495 -0.282649 -0.141434
0.126895 -0.292093 0.022106
0.035877 -0.314022 -0.206157
0.902959 0.106035 -0.471133
0.477695 -0.453614 -0.498464
0.191129 -0.068240 0.464872
0.393213 0.238889 -0.084069
0.308709 -0.080697 0.309826
0.252576 -0.392429 0.350267
0.076295 -0.063755 0.490710
0.987838 0.434944 0.402118
0.721878 0.350664 -0.067338
0.735512 0.316079 -0.178379
0.575735 -0.478124 -0.313866
0.998297 0.196687 0.205517
0.768100 0.236813 -0.443299
0.998854 0.020899 -0.405020
0.744639 0.384027 0.429308
0.368673 0.139158 0.211322
0.765777 0.368255 -0.302263
0.258248 -0.118330 0.200640
0.503090 0.143384 0.008433
0.769187 0.491053 0.462310
0.300612 0.219817 0.170912
0.142415 0.186987 0.334342
0.539404 0.266963 -0.112665
0.843836 0.489391 0.352000
-0.061505 -0.254505 0.173328
0.296479 0.054536 -0.140772
0.287660 0.142628 0.083258
0.452028 -0.413046 -0.421510
-0.032913 -0.430653 -0.147585
0.186346 -0.245687 -0.169960
0.690345 0.157164 0.481181
0.353754 0.077931 -0.480369
0.634493 0.437458 0.351978
0.326830 -0.448803 -0.464653
0.256045 -0.480810 0.116242
-0.036120 -0.333073 -0.067068
0.989894 0.417627 0.091353
0.098535 -0.203235 0.253476
-0.123014 -0.400039 0.376907
0.657548 0.344829 0.012875
0.038920 -0.453771 0.259844
0.773452 0.496868 0.294655
0.242323 0.002515 0.432071
0.732665 0.386373 0.058426
0.420464 0.308548 0.375369
0.472930 0.247041 -0.385647
0.491504 0.105300 -0.263870
0.241211 -0.133406 -0.060718
0.396198 -0.181877 -0.481385
-0.067443 -0.132884 0.446958
0.151066 -0.167273 0.025039
0.483622 0.157390 0.375986
0.060665 -0.055093 0.156410
0.411076 -0.217487 -0.366686
0.442030 0.330334 -0.185651
0.199507 -0.419644 0.163859
0.661102 0.156236 -0.264058
0.597825 0.222842 0.203177
0.191102 -0.495890 0.247457
0.234723 0.221222 0.473067
0.082958 -0.185976 0.111314
0.643258 0.381417 0.265372
-0.103219 -0.454105 0.376004
0.146528 -0.014012 0.128311
0.332721 0.325099 0.010006
-0.003335 -0.150772 0.192507
-0.020597 -0.276539 0.095262
0.175824 -0.424633 -0.280328
0.013259 -0.142938 -0.050416
0.046011 -0.303959 -0.050870
0.571090 0.227419 -0.363574
0.246942 -0.299414 -0.219563
0.031750 0.048190 0.346156
0.231203 -0.136843 -0.268976
0.150355 -0.367315 -0.340881
0.597401 0.400424 0.133497
0.002358 -0.195783 0.375670
0.010263 -0.484006 -0.065650
-0.008219 -0.411921 0.090849
0.237595 -0.374399 -0.489770
0.605730 0.453903 -0.067106
0.128624 0.070957 0.269187
0.893529 -0.282654 -0.338697
0.586947 0.337788 -0.474055
0.356849 0.271236 -0.497857
0.272344 -0.397135 -0.399842
-0.041867 -0.269016 -0.345223
0.332242 0.144013 0.337824
0.530869 0.357713 -0.084692
0.876007 0.498855 0.462651
-0.048943 -0.339829 0.355100
0.736213 0.316556 0.495114
0.483623 0.266539 0.011002
0.820559 0.426196 -0.121350
0.628203 0.355786 0.380631
0.139990 0.266915 0.421186
-0.090167 -0.398587 -0.389602
0.542141 0.216268 0.129727
0.428291 0.243770 0.197441
0.688054 0.415955 -0.201491
0.927116 0.442828 -0.066705
-0.048643 -0.450878 0.265458
0.560068 0.239434 0.396703
-0.018951 -0.079332 0.097590
0.389065 0.123288 -0.227876
0.568699 -0.063821 -0.009873
0.278256 -0.467666 -0.392616
0.343163 -0.405807 -0.345615
0.170182 -0.095647 -0.001642
0.591950 0.282496 -0.028819
0.568647 0.131718 -0.328846
0.342010 -0.053104 -0.310448
0.036547 -0.205877 0.034151
-0.112896 -0.261721 0.261822
0.032456 0.309996 0.317212
0.655977 0.261109 -0.466797
0.506831 0.398128 0.059938
0.603136 0.087127 0.463257
0.087443 -0.468644 0.044152
0.494693 0.259002 -0.238528
0.658550 0.493664 0.179458
0.282875 0.306121 -0.164189
0.617618 0.389497 -0.111388
0.772244 0.494351 -0.068808
0.910538 0.227866 0.310952
0.236591 0.357184 0.437741
0.697854 0.463541 0.266095
0.787244 0.301873 -0.459527
0.278341 0.395750 -0.052944
0.184642 0.326999 -0.053046
0.039839 -0.391941 -0.035712
-0.045126 -0.024448 -0.133339
-0.151266 0.019647 -0.031264
-0.028090 -0.070516 0.219293
0.164758 0.158265 0.428552
0.490868 0.204899 -0.489404
0.311581 0.380157 -0.398136
0.392278 0.073608 -0.003397
0.130722 -0.088586 -0.097836
0.857613 0.317559 -0.471090
0.088618 -0.116054 0.003779
-0.121660 -0.349774 0.234593
0.560538 0.481497 0.331806
0.032308 -0.113037 0.375205
-0.175631 -0.238680 0.361094
0.294634 -0.245947 0.058158
0.101402 0.221009 0.033093
0.310683 -0.240917 -0.432671
0.248079 -0.400349 0.037121
0.528167 0.012125 0.418223
0.630623 0.456908 0.067489
0.189417 0.066659 0.146615
0.233933 0.219810 -0.043130
0.585483 0.369559 0.031270
0.353733 0.273469 0.094054
0.106073 0.315097 0.081906
0.595093 0.431051 -0.186535
0.748371 0.498157 0.355435
0.217429 -0.300440 0.250562
0.453202 0.322412 0.083001
0.621633 0.192151 -0.050431
0.171465 0.076984 0.471879
0.743413 0.289701 -0.377155
0.888777 0.345549 0.248867
0.098926 0.054342 0.143146
0.661677 0.329196 -0.303759
0.663005 0.475515 0.487051
0.555999 0.388826 -0.302710
0.427455 0.096642 -0.414864
0.386088 0.250688 -0.302996
0.527779 0.359662 -0.236315
-0.109077 -0.494162 0.274240
0.507819 0.394526 -0.499311
0.253178 -0.474795 -0.277991
0.639762 0.410634 -0.482527
0.891909 0.381580 0.058369
-0.049342 -0.104187 0.006880
0.991666 0.407967 -0.410977
0.701827 0.398276 -0.492366
0.512916 0.341052 0.270243
0.485178 0.456348 0.337126
0.374678 0.156611 -0.386624
0.989438 0.282918 -0.215763
0.821896 0.489125 0.001537
0.744971 0.100861 0.029786
0.368226 0.257626 -0.184698
0.201847 0.151480 0.307106
0.085453 0.020530 0.492378
-0.085440 -0.172111 0.106236
0.375843 0.367572 -0.076656
-0.078275 -0.430240 0.029810
0.100548 0.141478 0.152947
-0.049983 -0.485443 0.471966
0.052284 -0.286967 0.220470
0.253110 0.121120 0.199619
-0.173971 -0.416807 0.468913
-0.118096 -0.286962 0.071512
0.243850 0.027955 -0.318719
-0.146676 -0.363781 0.107325
0.181988 0.064491 0.351695
-0.168363 -0.200262 0.027995
0.902181 0.408077 -0.485767
0.451022 0.365477 -0.002953
0.750634 0.260329 -0.248048
0.268527 0.158961 0.399403
-0.080700 0.014971 0.134365
-0.274080 -0.336827 0.357120
0.178312 0.086416 0.045296
-0.106649 -0.021005 0.303701
0.486244 -0.252400 -0.486117
0.195352 0.238364 0.277022
0.042768 -0.007859 0.237558
0.079117 -0.205397 -0.337921
0.676114 0.415031 -0.388221
0.860737 0.370609 -0.307351
-0.034947 -0.216400 -0.219882
0.004382 -0.240031 -0.042963
0.751284 0.459522 -0.262082
0.262940 0.119531 -0.408436
0.351123 0.375870 0.423114
0.417217 0.114016 -0.321180
0.718790 0.428954 -0.005427
0.928027 0.451727 0.009446
-0.066208 -0.201568 0.014509
0.381251 0.295121 0.279367
0.463454 -0.156121 0.083645
0.628619 0.356800 0.458685
0.233076 -0.426723 -0.183549
0.332816 -0.497622 0.174398
0.015740 -0.144389 -0.307659
0.435287 0.479710 -0.123939
0.553769 0.147385 -0.141027
0.395885 0.000328 -0.448490
0.033253 -0.441976 -0.203211
0.088845 -0.137141 -0.202747
0.188834 0.150009 -0.097016
0.998550 0.399889 -0.122895
0.141122 -0.087300 0.075978
0.000948 -0.113934 -0.240693
0.648104 0.493028 -0.307386
0.402950 -0.017237 0.395842
0.756209 0.451388 -0.185219
0.417945 0.366654 -0.467988
0.391727 0.310027 -0.367161
0.370120 0.406868 -0.152327
0.042189 -0.493894 0.347753
0.112134 0.142929 0.003846
0.151303 -0.150652 -0.117991
0.503458 0.372078 0.183811
0.526295 0.445480 -0.051063
0.492168 0.429550 -0.172243
0.071577 -0.419261 -0.346175
0.386315 0.152472 -0.078959
0.723118 0.497742 -0.420168
0.634002 0.325516 -0.188062
0.294605 0.224580 -0.338540
0.296051 0.202157 0.063058
0.299728 0.113226 -0.325053
0.147927 -0.115817 -0.336533
0.957429 0.470341 0.488371
0.604559 0.152253 0.458564
-0.066497 -0.348295 -0.214845
0.254074 0.465755 0.422004
-0.217629 -0.402239 0.348284
0.309269 0.378798 0.235586
0.310918 0.061124 0.241767
0.231332 -0.477778 -0.489221
-0.119167 -0.033865 0.474311
0.288210 0.073086 0.478454
0.510208 0.466999 -0.256243
0.053398 -0.193734 -0.145549
-0.174968 -0.285102 0.154935
-0.037666 0.098948 0.432601
0.994633 0.336702 0.404456
0.085132 -0.455892 -0.135266
0.658908 0.356356 0.104952
-0.048156 0.025358 0.222659
0.545757 0.400120 0.382719
0.931235 0.497992 0.103806
0.501334 0.068495 0.054793
0.151041 -0.142436 -0.219859
0.193700 -0.234187 -0.399154
0.653764 0.496144 -0.250058
-0.101829 -0.016525 0.203278
-0.075557 -0.223221 -0.072108
-0.136800 -0.142016 0.395135
0.845890 0.471742 -0.443519
0.356280 0.058274 -0.372377
0.968407 0.492451 -0.489361
0.310252 0.010991 -0.439656
-0.024668 -0.073695 0.314138
0.052084 -0.025424 -0.052758
0.590469 0.099462 0.003688
0.301124 0.191452 -0.447889
0.594131 0.345779 0.123339
0.904193 0.491302 -0.177806
0.237349 0.211295 -0.272990
-0.002146 0.033834 0.039450
0.208893 0.247418 -0.427150
0.849495 0.489177 0.100534
0.179406 0.351328 0.305999
-0.183812 -0.302654 0.382712
0.618255 0.497174 0.413153
-0.181375 -0.161861 0.474237
-0.025964 -0.493678 0.133412
-0.214466 -0.387924 0.056394
0.531321 0.300838 -0.387350
0.398434 0.204586 0.476023
0.040076 -0.346026 -0.303013
0.218240 0.317493 -0.464408
0.721039 0.403306 0.199409
-0.169326 0.070622 0.304058
0.363298 -0.492594 -0.391882
0.292016 -0.125499 -0.452504
0.071946 0.155588 0.286573
0.131320 -0.003265 0.049297
-0.143085 -0.486201 0.184504
0.415690 0.431855 -0.237902
0.260293 0.475187 0.345871
-0.268060 -0.267805 0.427196
0.159655 -0.415363 -0.101367
0.059823 0.221321 0.465830
0.423744 0.327753 0.209806
0.192513 0.165981 -0.208440
0.996783 0.356585 -0.485669
0.395522 0.437211 0.473435
0.387946 0.405780 0.326520
0.492143 0.438108 0.481192
0.126921 -0.495678 -0.294898
0.438948 0.313253 0.484677
-0.137957 -0.354797 0.299976
0.113566 -0.125073 -0.470054
-0.213455 0.088079 -0.072006
0.282321 0.102572 -0.063711
0.245639 -0.258195 -0.478101
0.833939 0.390364 0.193962
-0.096449 -0.495246 -0.049933
0.308193 0.177310 -0.257318
0.205921 0.175534 -0.351221
0.789923 0.496922 0.202016
0.440434 0.225346 0.253433
0.251780 0.337998 -0.325931
0.329165 0.257824 -0.413623
-0.215837 -0.365670 0.256287
0.885494 0.476827 -0.277882
-0.314215 -0.202422 0.391851
0.573330 0.492972 0.001297
-0.151969 -0.237172 -0.212402
-0.305145 -0.421227 0.306217
0.088871 -0.339913 0.158531
0.253114 -0.098988 -0.371506
0.713844 0.486696 0.092045
0.226755 0.460755 0.009618
0.184576 -0.031312 -0.197112
0.027760 0.179063 0.087877
0.240969 0.284942 0.199113
0.177051 0.382806 0.050850
-0.075394 -0.231721 0.399222
0.255140 0.336307 0.068524
0.190831 0.462166 -0.473261
-0.008257 -0.422387 -0.415866
-0.092948 -0.308219 -0.410089
0.571810 0.491337 -0.431575
0.060787 -0.049286 0.091533
-0.013806 0.169171 0.390531
-0.122612 -0.153313 0.301203
-0.168032 -0.258759 -0.301850
0.178134 -0.094682 -0.401485
-0.159475 -0.196449 0.246362
0.549076 0.497666 -0.144010
0.359132 0.346139 -0.216281
0.345403 0.369339 -0.314737
0.778630 0.360189 -0.242629
0.567292 0.430159 0.472511
0.229393 0.039553 -0.428483
0.797715 0.420122 -0.498497
-0.144747 -0.173833 -0.095611
-0.122000 0.186788 0.493767
-0.156318 -0.125990 0.166510
0.495407 0.104591 -0.480741
0.275202 0.391486 0.328854
0.003880 -0.326468 -0.440550
0.025010 0.120411 -0.049800
-0.124638 -0.306573 -0.019062
0.539655 0.481187 0.206076
0.257500 0.454137 0.260946
-0.267453 -0.079586 0.364612
0.006589 0.035335 0.153181
0.150138 0.201074 0.179029
0.044777 0.067801 0.259069
-0.295750 -0.046789 0.468108
-0.087401 -0.245603 0.490640
0.169539 -0.308859 -0.415926
0.340799 0.478081 0.417416
0.253884 0.461294 -0.211662
-0.057640 0.004994 0.405738
-0.350409 -0.392794 0.166648
0.853436 0.366528 -0.226872
0.921839 0.464219 -0.421458
-0.239347 -0.062882 0.015247
0.159592 0.439606 0.154574
0.164915 0.348892 -0.270226
0.506414 0.309746 0.451943
0.071636 0.354541 0.423351
-0.116467 -0.048747 0.082757
0.187820 0.445486 0.274553
-0.009155 -0.483151 0.009937
0.062248 -0.497611 -0.387577
-0.017349 0.126011 0.160707
0.129845 0.130588 -0.342903
-0.281893 -0.327224 0.108900
0.154780 0.092825 -0.240909
0.372086 0.486779 -0.054718
-0.393771 -0.280446 0.294947
-0.224412 0.058156 0.487112
0.352853 0.060203 0.060138
0.599465 -0.499184 -0.487533
-0.093665 -0.429662 0.132438
-0.189532 -0.084472 0.485375
0.105411 -0.376208 -0.437091
0.247361 -0.053597 -0.492036
-0.245124 -0.247583 0.235693
0.942059 0.402425 -0.338669
-0.418471 -0.147440 0.278223
-0.143850 0.057030 0.198536
-0.321854 -0.420734 0.442844
-0.177057 -0.311600 -0.091328
0.187099 -0.493564 -0.138932
-0.007636 0.183321 0.264977
0.242420 0.038055 -0.234792
1.000000 0.230607 -0.474666
0.049554 -0.250447 0.142387
-0.192129 -0.497712 -0.010315
0.145104 -0.058732 -0.250852
0.117044 0.314588 0.178702
0.214657 0.412539 -0.111772
-0.012001 -0.008258 -0.036877
-0.105429 0.115307 0.388737
-0.310771 0.009998 0.086547
-0.029392 -0.458934 -0.269692
0.172147 0.459658 0.440855
0.146863 0.289129 -0.334940
-0.280396 -0.408835 0.161936
-0.042488 0.115586 0.321359
0.325003 0.311763 0.491679
0.325019 0.419978 0.106726
0.549706 0.410169 -0.399753
0.169944 0.150535 0.076454
0.996079 0.494326 -0.342047
-0.202136 -0.026700 0.173313
-0.420804 -0.342364 0.381735
-0.106347 -0.416593 -0.206812
0.979588 0.488277 -0.252867
-0.258719 -0.142437 0.151654
0.098344 -0.373138 -0.133226
-0.183057 -0.399894 -0.033900
0.183646 -0.454703 -0.358278
0.258796 0.445100 0.158619
0.079027 0.210912 -0.355371
-0.265793 -0.499193 0.191480
0.038480 -0.337257 0.337805
0.091636 -0.022521 0.413457
0.988824 0.306822 -0.139187
0.076403 0.281751 -0.260094
0.018459 0.038542 0.402297
0.435619 0.482252 0.006895
0.198315 0.126575 -0.441637
-0.096087 -0.497875 -0.142863
0.252838 -0.176707 -0.371829
0.129123 0.223989 -0.171551
0.806053 0.411472 0.493053
-0.243249 -0.121432 0.265948
-0.168682 -0.408524 -0.125707
-0.165385 0.005782 0.362033
-0.320096 0.018438 0.393649
-0.250300 -0.162784 0.480761
0.357561 0.486946 0.284489
0.193991 0.252423 0.063799
0.331703 0.491738 -0.172001
0.550459 0.252626 -0.222652
-0.155050 0.150224 0.171410
-0.247293 0.160346 0.428719
-0.401447 -0.218445 0.430112
-0.037113 -0.314989 0.006119
-0.260437 -0.467696 0.046366
-0.187875 -0.076772 0.350481
-0.380012 -0.472124 0.374014
-0.236994 -0.324732 -0.426142
-0.007637 -0.001667 0.481529
-0.396287 -0.379997 0.493417
0.210455 0.285292 -0.212974
-0.066059 0.143644 -0.087228
0.020637 -0.003606 -0.318175
-0.002412 0.192157 0.454133
0.075566 0.055477 0.010589
-0.373940 -0.138284 0.471378
0.187556 0.132580 0.203432
-0.288908 -0.384680 0.008635
0.261920 0.245567 -0.110443
-0.338186 -0.195581 0.258422
-0.154343 0.261719 0.405647
-0.086084 0.158897 0.065243
-0.005461 -0.192960 -0.379225
-0.475847 -0.255344 0.318123
0.150017 0.477562 0.346624
-0.075403 -0.194568 0.223155
-0.002375 -0.099067 0.499307
-0.388564 -0.130518 0.373083
0.389280 0.484582 0.151765
-0.223951 0.310003 0.487365
-0.096791 -0.081393 -0.085833
0.067344 0.458177 0.017877
0.995966 0.063824 -0.494458
-0.187657 -0.208812 0.109585
-0.127090 0.082678 -0.173804
0.475408 0.479636 0.401728
0.201150 -0.062215 0.083599
0.211483 -0.159069 -0.492470
-0.155735 -0.462849 0.084713
0.100294 0.084060 0.400864
0.091315 -0.059755 -0.416114
-0.029747 -0.169191 -0.125556
0.268921 0.397124 -0.242980
0.087904 -0.207048 -0.470780
-0.230097 0.083176 0.180808
-0.301789 -0.293023 0.272972
-0.081914 0.260886 0.163520
0.292818 0.418848 0.049028
-0.102949 0.089170 0.497657
-0.354588 -0.300249 0.165697
-0.110776 0.268670 0.327478
-0.142584 -0.471566 -0.338644
-0.078184 -0.376075 -0.302789
-0.224263 0.085812 0.369397
0.067726 -0.267873 -0.410872
0.302967 0.348441 -0.478607
-0.056040 -0.148413 -0.305810
0.016984 0.217214 0.198675
0.178707 -0.387058 0.254385
-0.041508 0.261195 0.307368
0.068595 0.234358 -0.059236
-0.147195 -0.474595 -0.438493
0.342615 0.219648 0.342321
0.312026 0.258237 -0.042737
-0.359698 -0.474499 0.190334
0.092731 0.073028 -0.085290
-0.165041 0.188977 0.398580
-0.334403 -0.201962 0.486129
-0.273611 0.237732 0.136472
-0.265012 -0.174646 -0.160953
0.329147 0.308522 0.170741
-0.237575 -0.482722 0.276053
-0.178802 0.009308 -0.102427
0.264231 0.474084 -0.319468
-0.495627 -0.390628 0.456775
-0.300492 -0.340387 -0.274807
0.121775 0.372238 0.492272
0.596285 -0.147736 -0.153747
0.450552 0.006407 0.254168
-0.249587 0.037843 -0.008397
-0.250868 -0.450882 -0.055617
0.041116 0.475770 -0.117796
0.000523 0.340943 0.047703
0.304942 -0.482588 -0.208272
0.475534 0.290723 -0.475549
0.096653 -0.033473 -0.181314
0.182849 0.476630 -0.283056
-0.072325 -0.288893 -0.148790
-0.462834 -0.411848 0.369844
0.092188 0.196974 -0.449449
0.225947 -0.186215 0.486692
0.052101 0.246020 0.271395
-0.262915 -0.033778 0.249468
-0.245892 -0.317212 -0.257830
0.986464 0.485996 -0.150828
-0.386041 -0.396763 0.254837
0.032046 0.302469 0.163490
0.150649 -0.426362 -0.497948
-0.097878 -0.405456 -0.059576
0.195863 0.247432 -0.121384
-0.023138 0.313820 -0.073176
0.075501 -0.493311 -0.458443
0.348941 0.452469 -0.281947
-0.113713 -0.112091 -0.362538
-0.017779 0.413274 0.147273
0.156890 0.017447 -0.289420
0.064564 0.164203 -0.222902
0.504890 0.017216 -0.281074
0.531378 0.490503 0.083315
0.354692 0.476007 -0.452110
-0.227848 -0.276732 0.042163
0.047766 0.048707 -0.179052
-0.325773 -0.140071 -0.011113
-0.360741 -0.057102 0.413722
0.095883 0.250837 0.348848
0.098822 0.243642 0.105978
-0.065299 -0.094778 -0.217495
-0.245313 -0.406815 0.416073
0.151301 0.378885 -0.160627
0.142310 0.306041 -0.430308
-0.180617 -0.464360 -0.207873
-0.063612 0.357963 0.366505
0.297823 0.466287 -0.080319
0.059195 0.352621 -0.356155
-0.078769 -0.215113 -0.487677
0.051464 0.124626 0.467084
0.465224 0.390003 -0.306201
-0.102608 -0.110874 0.237543
0.329238 -0.314694 -0.291974
-0.312279 -0.327680 0.476561
-0.096352 0.153421 0.211141
-0.325008 -0.290511 -0.074536
0.001858 0.152234 -0.442074
0.277472 0.472295 -0.439654
0.030795 0.370225 -0.260455
-0.211433 -0.180530 -0.251477
-0.226848 -0.053284 -0.072931
-0.323447 0.130895 0.454818
-0.133420 0.101651 -0.023664
-0.351261 -0.195216 0.149600
0.711229 0.494038 -0.335153
0.387576 0.476743 -0.361511
0.923806 0.161813 -0.358843
-0.111589 -0.482405 0.454431
-0.152466 -0.363886 -0.295863
-0.200329 -0.167726 -0.048445
-0.255790 -0.492927 -0.258678
0.118676 0.396153 0.350868
-0.102672 0.197386 0.328303
-0.134653 0.088008 0.110419
-0.097632 0.263490 0.408909
0.196831 0.403933 -0.339404
0.005149 0.474659 0.480837
-0.556024 -0.395381 0.234959
-0.447609 -0.179066 0.182889
0.999329 0.159942 -0.159497
0.024220 0.125440 -0.299617
-0.017327 0.240278 -0.057720
0.484459 0.498159 -0.397709
0.001192 -0.052095 -0.424422
-0.007217 0.271202 0.441222
-0.054440 0.266075 -0.384202
-0.194559 -0.345381 0.499367
-0.242147 -0.053458 -0.165874
-0.119184 0.351474 0.487970
-0.178159 -0.396481 -0.432026
-0.005194 -0.160171 -0.467640
0.442985 0.407846 -0.389016
-0.209415 -0.235328 -0.381170
-0.119755 -0.226679 -0.376237
-0.243655 -0.496322 -0.439462
-0.311467 -0.062930 0.160958
-0.317536 -0.493959 -0.014488
-0.227199 0.171641 0.315896
-0.346890 0.128887 0.214414
-0.087952 0.024187 0.013113
0.445978 0.497262 -0.462035
-0.341474 -0.380818 -0.192410
-0.321857 -0.120546 0.305488
-0.239770 -0.254451 -0.158042
0.143823 0.222059 -0.261321
0.437480 0.416168 0.236202
-0.410798 -0.101166 0.152574
0.567816 0.469845 -0.333163
0.099543 0.310960 -0.033673
-0.174467 -0.319475 -0.156015
0.216102 0.353492 0.161298
-0.366770 -0.431301 0.068289
-0.383239 -0.488393 0.494015
-0.082854 0.455335 0.211860
-0.519477 -0.171277 0.316140
0.098139 0.412106 0.091740
-0.480627 -0.137255 0.099789
0.066602 -0.146614 -0.383996
-0.264910 -0.232501 -0.301765
-0.129135 -0.062979 -0.003696
-0.236466 -0.182157 0.391954
-0.423517 -0.036529 0.231864
-0.161470 0.363441 0.342358
-0.366363 -0.342959 0.040586
-0.324411 0.021485 0.283695
0.151876 0.492128 0.069623
-0.343481 0.107541 0.350306
0.086599 0.487529 0.418120
0.068795 0.070256 -0.379726
0.061916 0.193697 0.386552
-0.319695 -0.158557 -0.314651
0.064964 0.389366 0.273794
-0.053424 0.340481 0.259329
-0.387368 -0.195563 0.065579
-0.452393 -0.262041 0.187805
-0.093575 0.417645 0.421748
-0.547377 -0.201684 0.148910
0.120699 0.409476 -0.495256
-0.017559 0.006588 -0.227258
0.153650 0.015472 -0.476613
-0.472951 -0.492153 0.432276
-0.032292 0.368144 0.468206
-0.000501 -0.490208 -0.485943
-0.317265 -0.225538 -0.209265
-0.186320 0.278075 -0.295127
-0.491942 -0.163524 0.462948
-0.313355 -0.387476 -0.094885
-0.233230 -0.444025 -0.350120
-0.327532 -0.439584 -0.469707
0.130272 0.481391 -0.153089
0.452815 0.384800 0.421265
-0.326983 -0.440766 -0.347489
-0.022110 0.435595 0.332434
-0.556736 -0.479274 0.387431
0.069605 0.480933 -0.409600
-0.143114 -0.027710 -0.237906
0.397681 -0.356870 -0.202675
0.005717 -0.093512 -0.148754
-0.007232 0.253436 0.070570
0.356306 0.407939 0.012130
-0.147566 -0.413842 0.233465
-0.066808 0.049349 0.349127
-0.235465 0.054197 0.074616
-0.145594 -0.125552 -0.160074
-0.374681 -0.071015 0.032624
-0.374914 -0.130021 -0.383789
0.500370 0.450929 -0.474502
-0.211815 -0.077270 0.102038
-0.401090 -0.299747 -0.093451
-0.460869 -0.220243 0.057845
-0.181678 -0.021910 0.256670
0.440476 -0.005258 -0.351124
-0.561903 -0.306191 0.318775
-0.075005 -0.037996 -0.413206
-0.351878 0.124795 -0.027826
-0.051979 -0.407334 -0.498881
-0.065991 0.175950 -0.402951
0.249300 0.200252 0.137233
0.123721 0.292597 -0.104897
-0.512666 -0.497814 0.199168
0.158347 0.080203 -0.141435
-0.125256 0.092916 -0.413217
-0.017202 0.189179 -0.171013
-0.305482 -0.470348 -0.130484
-0.245920 0.010352 0.316747
-0.295644 -0.295216 -0.365473
-0.144619 0.453241 0.332569
-0.018123 0.105507 0.030516
-0.346135 -0.498769 0.269749
-0.403695 -0.214747 -0.214367
-0.329000 -0.010152 -0.087216
-0.482536 -0.091712 0.412869
-0.234438 0.161330 0.206542
-0.000059 0.403121 -0.492938
-0.480793 -0.075256 -0.416948
-0.505109 -0.238347 0.404650
0.003376 0.464931 -0.286413
-0.069282 -0.011164 -0.324158
-0.469840 -0.326513 0.126468
-0.146996 -0.144283 -0.437390
-0.339589 0.032926 0.488398
-0.121257 0.270003 0.060495
-0.301093 -0.081216 0.080063
0.203175 -0.050103 -0.079519
0.074669 0.043604 -0.457643
-0.202481 0.178811 0.009120
-0.128686 0.363617 0.030203
-0.234142 0.321885 0.394537
0.150616 -0.299191 0.405458
0.469149 0.477840 0.148294
-0.626793 -0.402498 0.432952
0.018162 0.490879 -0.047445
-0.217685 -0.494404 0.430395
-0.030351 0.277027 -0.203999
0.196083 0.303617 0.493182
-0.413673 -0.430838 -0.174653
0.306147 -0.147880 -0.102917
-0.392142 0.053411 -0.169827
-0.273511 0.397081 0.499086
-0.553701 -0.072215 0.092011
-0.485908 0.008462 0.333239
0.134583 0.481609 -0.086058
-0.146101 0.375899 0.243045
0.425206 0.408798 0.116249
-0.193219 0.181430 -0.364715
-0.063890 0.248043 0.248044
0.064459 0.379582 -0.148976
-0.071555 -0.100707 -0.493670
0.028701 0.480013 0.114026
0.407719 0.166894 -0.488650
0.297054 -0.246382 0.493902
0.497904 0.305689 -0.304059
-0.061116 0.130298 -0.327160
0.070119 0.251451 -0.493878
-0.314780 0.401334 0.422585
-0.384753 -0.321710 -0.321650
-0.342579 -0.095599 -0.139660
0.017721 0.105457 -0.167887
-0.450648 0.058809 0.108535
-0.382372 -0.474124 -0.263768
0.002974 0.221508 -0.266746
-0.317666 -0.312736 -0.481145
-0.539595 -0.129544 0.161199
-0.283719 -0.205292 0.078506
0.205468 0.264574 -0.333916
-0.032779 0.051376 -0.360972
-0.581450 -0.348073 0.160188
-0.622043 -0.134423 0.422699
-0.063378 0.495072 0.130913
-0.394767 -0.362550 -0.459697
-0.430526 0.095024 0.202001
-0.403073 -0.456282 -0.377929
-0.365710 -0.256269 0.062144
-0.475459 -0.034731 -0.056976
-0.285827 0.139148 -0.086422
-0.101432 0.046201 -0.256246
-0.029568 0.415032 -0.126681
0.158973 0.382919 0.220781
-0.439040 0.069504 0.005639
-0.245282 -0.035121 -0.337599
-0.253295 0.461477 0.316863
-0.469795 0.084678 0.371813
-0.305455 -0.295698 -0.155218
-0.168193 0.400524 0.434191
-0.222763 0.158996 -0.224630
-0.314001 0.046787 -0.396940
0.112524 0.470206 0.230053
-0.192792 0.252772 0.130739
-0.374431 -0.294702 -0.243550
-0.169589 0.017546 -0.418123
-0.485605 -0.260903 -0.294046
-0.190132 -0.137236 0.049222
-0.483002 -0.413624 -0.382337
-0.135820 -0.312477 -0.496051
-0.596150 -0.181463 0.001269
0.052312 0.388783 -0.025993
-0.101351 0.290693 -0.072787
-0.017172 0.430591 0.034032
0.096935 0.457206 0.348038
0.006298 0.273868 -0.339416
-0.276986 0.232750 0.270268
0.098453 0.074157 -0.270755
0.277530 0.408832 -0.499716
-0.603137 -0.252435 0.420839
0.402427 0.297356 -0.020329
-0.052597 -0.484897 -0.352939
-0.011417 0.039149 -0.471757
-0.156213 0.213089 0.254189
-0.435431 -0.266716 -0.405449
-0.103236 0.365830 0.132895
0.046070 0.481364 0.235401
0.031948 0.338460 -0.459966
-0.193313 0.292939 0.308178
-0.101184 0.421668 -0.463759
-0.236252 0.207183 -0.099050
0.071950 0.162554 -0.114778
-0.200773 0.362620 0.098646
-0.515455 -0.414672 -0.091392
-0.039758 -0.334465 0.491628
-0.587031 -0.036874 0.178145
0.288280 0.257206 -0.492480
-0.291734 0.148722 0.008854
0.093719 0.399766 0.159752
0.004736 0.430575 0.400374
-0.457812 -0.492371 -0.001633
-0.446950 0.086552 0.499724
-0.151121 0.327352 -0.414869
-0.095742 0.147976 -0.242741
-0.288687 -0.202393 -0.004088
-0.531028 -0.307342 0.229171
-0.088814 0.372659 -0.059660
0.093646 0.426955 -0.290556
-0.440769 0.209264 0.335670
-0.356139 0.279095 -0.104876
-0.613521 0.059516 0.392190
-0.083368 0.344988 -0.458765
-0.110879 0.454893 -0.104225
-0.468223 -0.463246 0.284751
-0.244774 0.474201 0.472683
-0.218061 0.290787 -0.000569
-0.387281 0.006453 0.138681
-0.211513 0.462793 0.198605
-0.502299 -0.328074 0.390337
-0.381092 -0.204779 -0.100145
-0.364777 0.200382 -0.276474
-0.559944 -0.464599 0.294791
-0.411648 -0.150153 -0.013146
-0.644431 -0.409537 0.173285
-0.307586 -0.053092 -0.295093
0.143069 0.021791 -0.393228
-0.125433 0.469462 0.491982
0.095085 -0.049802 -0.329006
-0.191053 0.176604 0.098945
-0.400309 -0.401869 -0.001088
-0.652718 -0.406769 0.261194
-0.242764 -0.238819 -0.097221
-0.339206 0.258680 0.013732
-0.686488 -0.243638 0.193393
-0.674304 -0.327680 0.391307
-0.160639 0.187019 -0.453769
-0.012768 0.406862 -0.370716
-0.322154 -0.130044 -0.459489
-0.237996 0.377725 0.290814
-0.050713 0.248416 -0.291733
-0.308010 -0.225558 -0.436176
0.319617 0.313129 0.354929
-0.680693 0.030561 0.132754
0.117071 -0.305263 -0.055975
-0.313741 0.401355 0.193446
-0.500714 0.007481 0.211838
-0.214434 -0.089233 -0.466703
-0.248375 -0.225175 -0.465295
-0.091475 0.328458 -0.261736
-0.503555 -0.319199 -0.389258
-0.044898 0.202983 -0.496801
-0.319213 0.107967 0.119264
-0.576522 0.007186 0.014152
-0.402873 0.016910 0.458212
-0.491414 -0.010043 0.045346
-0.310943 0.030850 -0.260960
-0.177372 0.098562 -0.330817
-0.154992 0.464634 -0.406553
-0.140692 0.205537 -0.182139
-0.030682 0.488057 -0.401668
-0.367526 0.283937 0.425376
-0.240248 -0.380637 -0.192453
-0.440201 -0.130559 -0.245409
0.305609 0.283445 -0.264470
-0.466911 -0.258984 -0.009008
-0.419761 -0.064869 0.481618
-0.467955 -0.400114 -0.243723
-0.359622 -0.101561 0.227929
-0.283906 -0.217153 0.162024
-0.451641 -0.476027 0.082379
-0.204217 0.215612 0.495263
-0.598472 0.053289 0.126064
-0.301471 0.003788 0.161686
-0.527579 0.161816 0.024570
-0.565334 -0.065065 -0.061597
-0.248312 0.385484 0.023556
-0.196144 0.392888 -0.099308
-0.591998 -0.007214 0.316376
-0.299388 0.252671 0.364816
-0.430611 -0.242390 -0.494526
-0.592119 -0.475055 0.497468
-0.407016 -0.381000 -0.085215
-0.255553 -0.400801 -0.421489
-0.008150 0.401857 0.208558
-0.526991 -0.069356 0.291050
0.011071 0.492166 -0.481065
0.199087 -0.392570 -0.411304
-0.474771 -0.309734 -0.192336
-0.719260 -0.017997 0.204412
0.128867 -0.286204 -0.350060
-0.485195 -0.373623 -0.016314
-0.276534 0.257539 -0.269370
-0.560296 -0.435608 0.133021
-0.648843 -0.277231 0.280115
-0.249368 0.352586 -0.317185
-0.558496 -0.360171 0.052595
-0.371560 0.322459 0.306429
-0.707618 -0.462335 0.437354
-0.293452 0.239182 0.483499
0.022469 0.264270 -0.133356
-0.051911 0.410214 -0.213040
-0.192863 0.494915 0.259833
-0.223198 -0.293105 0.300524
-0.442634 0.055073 -0.052714
-0.371529 0.470369 0.203701
-0.417697 0.164893 0.403175
-0.192254 -0.100619 -0.307855
0.294376 0.401589 -0.155837
0.164400 0.471795 -0.384517
-0.469342 -0.224006 -0.150795
-0.569957 0.083312 0.221421
-0.269523 -0.143822 -0.388208
-0.370357 -0.263780 -0.000856
-0.260555 0.236046 -0.467624
-0.365439 0.231957 0.185862
-0.504490 0.168791 0.172533
-0.583722 -0.211438 -0.349578
-0.148223 0.468376 0.146753
-0.396539 -0.021679 -0.296688
-0.251053 0.032189 -0.183257
-0.630707 0.262038 0.121382
-0.205367 0.321838 0.215766
-0.161235 -0.314268 -0.385077
0.299481 0.436250 0.492345
-0.122316 0.207582 -0.016696
-0.609907 -0.499434 -0.180951
-0.532059 -0.434364 -0.293620
-0.256968 0.333978 -0.078670
-0.234611 0.497602 0.034941
-0.753294 -0.377686 0.319810
-0.737409 -0.442519 0.137948
-0.441845 -0.443057 0.177250
-0.465476 -0.358244 -0.486795
-0.093942 0.144588 -0.489184
-0.423217 -0.400382 -0.300517
0.040128 -0.251296 -0.267595
-0.195753 0.043106 -0.215262
-0.353935 -0.043814 -0.424494
-0.518618 0.007001 0.435394
-0.287220 0.107971 0.275565
-0.543739 -0.235621 0.254637
-0.661528 -0.186210 0.291104
0.223356 0.388006 -0.410691
-0.763143 -0.173716 0.267736
-0.392518 0.203667 -0.060769
-0.162281 0.253975 -0.495709
-0.307062 0.442696 0.089842
-0.480977 -0.342301 0.303597
-0.238338 0.385960 0.163679
0.004724 -0.247339 -0.476299
-0.041403 0.325207 0.105477
-0.106022 0.327253 -0.192807
-0.303860 0.184430 0.377006
-0.642323 -0.433947 0.002748
-0.279402 0.196859 -0.151772
-0.464210 0.111289 0.288169
-0.116488 0.346630 -0.349942
-0.315499 -0.068668 -0.209821
-0.379140 0.344667 0.243745
-0.556324 -0.348193 -0.033521
-0.049545 -0.396422 0.294675
-0.419132 0.313920 0.498486
-0.453691 0.297335 0.316691
-0.142977 -0.159374 -0.263380
-0.720544 -0.034900 0.338178
-0.197243 0.310614 -0.147368
-0.395168 -0.096777 -0.066713
-0.253027 0.463218 -0.484946
-0.372964 0.219862 0.095892
-0.343799 0.469213 -0.357999
-0.397735 0.366121 -0.156646
-0.437518 -0.451927 -0.083076
-0.391184 -0.321593 -0.150444
-0.425871 -0.484770 -0.467996
-0.500678 0.163219 0.491762
-0.588717 0.109284 0.477612
-0.746982 0.244010 0.041575
-0.389375 0.422471 -0.054262
-0.492329 -0.001188 0.141864
0.243451 0.477996 0.096942
-0.576078 -0.294360 -0.430599
-0.557446 -0.135272 0.495362
-0.614913 -0.377261 -0.468306
0.341396 0.499884 0.026208
-0.307370 0.392813 0.288086
-0.371257 0.270385 -0.196220
-0.657372 -0.013519 0.057231
-0.089647 0.471664 -0.312462
-0.005268 0.349023 -0.390512
-0.459932 -0.382082 0.237117
-0.369477 0.145054 -0.214499
-0.143434 0.489181 -0.015108
0.088980 0.109800 -0.453724
-0.545241 0.134202 0.380760
-0.623594 -0.331364 0.469250
-0.561571 0.006914 -0.063235
-0.391290 0.028659 0.343040
-0.560982 -0.055560 0.419399
0.152305 0.414083 -0.007202
-0.790853 -0.342530 0.250103
-0.812886 -0.115035 0.217380
-0.708056 -0.496303 0.333811
-0.359707 -0.228078 -0.357382
-0.626980 -0.392062 -0.134326
-0.218251 0.311174 -0.208184
-0.140081 -0.038350 -0.490158
-0.532053 -0.297574 0.065317
-0.271978 0.194524 -0.351616
0.039677 0.483539 -0.201714
-0.393319 -0.007497 -0.179311
-0.394487 0.362323 0.156274
0.333818 -0.033704 0.490527
-0.677216 -0.138329 0.094739
-0.459392 0.394617 0.261613
-0.690626 -0.272229 0.076349
-0.748561 -0.211235 0.137631
0.076143 -0.292913 -0.494416
-0.724486 -0.353989 0.171999
-0.087526 0.499822 -0.205976
-0.515699 -0.013155 -0.150494
-0.511261 0.265912 0.376541
-0.527112 0.194265 0.310855
-0.543873 -0.486254 -0.413208
-0.567438 0.313524 0.285708
-0.542057 -0.428518 -0.493444
-0.699661 -0.135039 0.195055
-0.715400 -0.117341 0.469293
-0.506522 -0.046345 -0.298330
-0.715719 -0.473598 0.235076
-0.279970 -0.039210 -0.429856
-0.684922 0.145555 0.158005
-0.426359 0.492080 0.443960
0.005148 0.263682 -0.409205
-0.602485 -0.203206 -0.228400
-0.272096 -0.139841 -0.098189
-0.136246 0.488794 0.057351
-0.152815 0.493911 -0.222426
-0.797977 -0.312972 0.403395
-0.459364 0.082753 -0.266654
-0.378879 0.285658 -0.350217
-0.607269 0.308733 0.393313
-0.454879 0.075963 -0.165448
-0.659116 -0.388270 -0.376844
-0.486665 -0.152375 -0.353781
-0.165624 0.386860 -0.258172
-0.757568 -0.272234 0.340203
-0.666277 -0.177379 -0.350750
-0.272445 0.099671 -0.476544
-0.233948 0.432836 -0.162627
-0.606733 -0.091506 -0.357535
-0.334043 0.370256 -0.217834
-0.718187 -0.358482 0.454042
-0.646867 0.248659 0.258990
-0.372322 0.164608 -0.385941
-0.506681 -0.157962 -0.454871
-0.522393 -0.225982 -0.081527
-0.313991 0.318399 0.092936
-0.660652 -0.064772 0.152861
-0.462351 -0.260624 0.489113
-0.721334 -0.271247 0.255757
0.142650 0.007948 -0.045936
-0.790210 -0.442961 0.374980
-0.155921 -0.247123 0.477476
-0.086467 -0.284737 -0.271909
-0.889446 -0.178267 0.337257
-0.773632 -0.371894 -0.265263
-0.533247 -0.474924 -0.193808
0.210594 0.491677 -0.070237
-0.590804 0.029260 0.493307
-0.439083 0.215324 0.498314
-0.559020 -0.025261 -0.224859
0.006468 0.318363 0.249393
-0.428354 -0.055603 0.314516
-0.277341 0.414796 -0.390411
-0.576183 0.231538 0.458964
-0.265270 0.496658 -0.297952
-0.087874 -0.058575 0.398997
-0.468423 0.305987 0.009895
-0.590372 -0.480784 0.058483
-0.655514 -0.267778 -0.317363
-0.364654 0.481517 0.027523
-0.826416 -0.208448 0.124968
-0.587536 -0.131412 -0.146443
-0.296632 0.317767 -0.466635
-0.770976 -0.325332 0.081983
-0.446368 0.499232 -0.384438
-0.658652 -0.261376 -0.408458
-0.250384 0.088768 -0.306824
-0.822957 -0.040242 0.199869
-0.462257 -0.046737 -0.499668
-0.537141 -0.107842 -0.258933
-0.773068 -0.186454 0.356007
-0.661555 -0.376364 0.086614
-0.310080 0.495057 0.377630
-0.742611 -0.057164 -0.006953
-0.690233 -0.135161 -0.049090
-0.300202 0.405543 -0.023672
-0.775625 -0.005802 0.426573
-0.779688 0.061707 0.167839
-0.498823 0.272042 0.130235
-0.473417 0.451216 0.013413
-0.886123 -0.392166 0.462549
0.406618 -0.454819 -0.165121
-0.352875 0.242018 0.304247
-0.645980 -0.022692 -0.260834
-0.662762 0.219227 0.460242
-0.569243 -0.026214 -0.481492
-0.562220 -0.289694 -0.153496
-0.304826 0.480832 0.467836
-0.513894 0.312151 -0.337885
-0.168157 0.492132 0.413437
-0.810037 0.050069 0.299796
-0.832825 -0.088919 0.323433
-0.668208 -0.169574 -0.450483
-0.768967 -0.060566 0.075463
-0.696508 -0.410987 0.347344
-0.403709 0.494955 0.282971
-0.584913 -0.482228 -0.088284
-0.623755 0.172352 0.323730
-0.844145 -0.303373 0.483505
-0.685090 -0.334903 -0.006870
-0.334383 0.238670 -0.411891
-0.356859 -0.149939 -0.206518
-0.556372 0.342426 0.140177
-0.592576 -0.497208 -0.316382
-0.760159 -0.195652 -0.365069
-0.816173 -0.432046 0.061983
-0.675180 0.332835 0.058288
-0.654680 -0.111589 -0.212205
-0.658269 -0.080865 0.272435
-0.564138 -0.397506 0.301016
-0.471680 0.403052 0.387039
-0.708718 -0.431322 -0.492503
-0.592565 0.191822 0.147546
-0.501329 -0.265322 -0.464559
-0.477556 -0.103366 -0.062663
-0.310009 0.499408 -0.056159
-0.321652 0.023708 -0.496132
-0.096761 -0.362751 -0.145628
-0.669820 0.013530 -0.155197
-0.764559 -0.065212 -0.393173
-0.602626 -0.256421 0.042068
-0.652615 0.149165 0.091211
-0.638047 0.332844 0.487654
-0.727182 -0.028420 -0.215401
-0.467186 0.201263 0.076751
-0.776503 -0.400384 0.241117
-0.307632 0.114620 -0.150310
-0.393928 0.175418 -0.480050
-0.489178 0.497570 0.374063
-0.377752 0.417330 0.351305
-0.418291 0.039185 -0.355532
-0.648532 -0.483463 0.316934
-0.806704 -0.319094 -0.021667
-0.861905 -0.225863 0.011509
-0.581821 -0.397886 -0.376881
-0.756049 -0.219913 -0.222477
-0.512471 -0.383541 -0.162947
-0.542523 -0.032170 -0.353148
-0.691120 -0.225944 -0.020832
-0.704389 0.321649 0.236435
-0.488207 0.172529 -0.149639
-0.696743 0.226928 0.189849
-0.644278 -0.499378 0.151713
-0.487417 0.398426 0.126919
-0.166801 -0.000888 -0.303126
-0.511166 -0.144758 0.007212
-0.208083 0.263290 -0.372418
-0.431931 0.362732 -0.292301
-0.596851 -0.183962 -0.494070
-0.377891 0.314257 -0.475772
-0.578869 0.330269 0.050206
-0.606309 0.103791 -0.205604
-0.397704 0.325962 -0.013025
-0.519927 0.401033 -0.294975
-0.637995 -0.090609 -0.467879
-0.627933 -0.092304 0.000749
-0.783853 -0.431224 0.476457
-0.608637 -0.255944 0.106309
-0.581719 0.226780 -0.013330
-0.441379 0.281273 0.206629
-0.720452 -0.440875 -0.178327
-0.772551 0.215935 0.134906
-0.619484 0.096866 0.298135
-0.443706 0.160853 -0.305059
-0.842140 -0.106884 -0.440611
-0.490449 -0.122630 -0.172040
-0.374499 0.014253 0.026265
-0.341637 0.452568 -0.460643
-0.412921 0.468509 0.134450
-0.274475 0.151398 -0.294462
-0.708787 0.018851 -0.060560
-0.846501 -0.492261 0.149137
-0.453368 0.191415 -0.048087
-0.758386 -0.301985 -0.482918
-0.396118 0.134584 0.286643
-0.868003 -0.147897 0.484618
-0.500307 0.055615 -0.009794
-0.406364 0.332548 0.064212
-0.527359 0.133863 -0.306249
-0.719900 0.063139 0.404777
-0.348981 0.451652 -0.267512
-0.609699 0.425782 0.465742
-0.558181 0.062615 -0.347428
-0.550847 0.129686 -0.402633
-0.365890 0.468562 -0.134930
-0.446571 0.164500 0.172605
-0.738032 0.154845 0.383580
-0.381782 0.097228 -0.463838
-0.781523 0.037059 0.074522
-0.741244 -0.246713 -0.099836
-0.461561 0.413973 0.460365
-0.669129 -0.282641 -0.498299
-0.468586 0.499885 -0.122858
-0.972173 -0.394789 0.479254
-0.633145 -0.427281 -0.244987
-0.787515 0.163523 0.311956
-0.399657 0.386802 0.438271
-0.615307 0.152118 0.223695
-0.834474 -0.273028 0.190369
-0.475555 0.400722 -0.495089
-0.357379 0.092980 -0.310354
-0.624853 0.311005 -0.214859
-0.669440 0.395464 -0.067693
-0.623306 0.100926 -0.077980
-0.665124 0.069819 0.207900
-0.189283 0.409430 -0.480952
-0.237907 0.271402 0.053925
-0.598832 -0.289977 -0.099282
-0.698009 -0.499885 -0.307738
-0.865427 0.178520 0.248570
-0.865121 -0.001391 0.261249
-0.518350 -0.190527 -0.281485
-0.618861 -0.189915 -0.078194
-0.506947 0.023792 -0.419769
-0.727332 0.082921 0.337628
-0.475890 0.240200 -0.450545
-0.931025 -0.386782 0.378787
-0.816437 -0.337795 -0.335233
-0.852859 -0.308342 0.334290
-0.550520 0.219541 0.243954
-0.768631 0.175852 0.212670
-0.732594 -0.142513 -0.150672
-0.539599 0.081924 -0.109233
-0.636008 0.235431 0.384645
-0.321353 0.337119 -0.310045
-0.767840 -0.100881 0.399955
-0.699503 -0.000899 0.481720
-0.480589 0.262855 -0.058203
-0.484377 0.357010 -0.092244
-0.563083 0.490663 0.192636
-0.720363 0.157076 -0.209051
-0.874601 -0.391810 0.210190
-0.905130 -0.168007 -0.440503
-0.728440 0.130392 -0.030428
-0.746511 -0.319662 -0.105851
-0.909257 -0.270887 0.232741
-0.643885 -0.013932 -0.096271
-0.355520 0.201162 0.460613
-0.594071 0.474119 0.086224
-0.460661 0.492994 0.205296
-0.764696 0.250509 0.386424
-0.736961 0.096506 -0.215303
-0.740337 -0.429005 0.011406
-0.550422 0.477081 0.368607
-0.674311 0.032743 -0.393596
-0.762310 -0.429111 -0.097615
-0.713710 0.102636 -0.106883
-0.903980 -0.082985 0.255924
-0.899942 -0.247817 -0.232076
-0.410301 0.402375 -0.403334
-0.675417 0.405821 0.225691
-0.126890 0.200899 -0.275604
-0.803609 0.044863 -0.296804
-0.768375 -0.372237 -0.402693
-0.907856 0.088901 0.374718
-0.796987 -0.205665 0.034861
-0.985996 -0.067909 0.193339
-0.843808 -0.446531 -0.232908
-0.572668 -0.198413 -0.405938
-0.790814 -0.140637 -0.053979
-0.597107 0.351180 -0.006393
-0.878103 -0.320577 0.114935
-0.553520 -0.343441 -0.230871
-0.445845 0.271843 -0.286015
-0.808561 -0.279421 -0.403469
-0.419823 -0.131568 -0.460442
-0.296884 0.289950 -0.147063
-0.710669 0.172629 -0.359487
-0.200961 0.246393 -0.163355
-0.855329 -0.462692 0.343760
-0.874903 -0.232732 0.406820
-0.636620 0.163914 -0.293833
-0.658857 -0.003834 0.392353
-0.969124 -0.407704 0.088953
-0.167406 0.062515 -0.492305
-0.486090 0.119562 -0.492263
-0.543949 0.110380 -0.219168
-0.337011 0.064217 -0.087935
-0.607031 0.418857 -0.412337
-0.915312 -0.243662 -0.345663
-0.060285 0.452470 -0.046609
-0.562610 0.221492 -0.176177
-0.312239 0.309242 0.184942
-0.398202 0.136943 -0.111069
-0.606885 -0.120577 0.202200
-0.864352 -0.093477 0.126146
-0.652285 -0.458029 -0.099115
-0.216902 0.496838 -0.090725
-0.472677 0.398910 -0.011915
-0.692250 -0.247680 0.393865
-0.659005 0.234550 0.011494
-0.656638 0.013203 0.296732
-0.822847 0.299380 0.208896
-0.598847 -0.193710 0.361164
-0.927742 -0.482471 0.441511
-0.699979 0.175112 0.272578
-0.843998 -0.474430 0.240233
-0.798569 -0.171661 0.489986
-0.725929 -0.325238 -0.322629
-0.534776 0.218531 -0.284769
-0.840925 0.319339 0.051941
-0.502125 0.280879 0.455837
-0.934823 -0.358008 0.299785
-0.570082 -0.273390 -0.279300
-0.927621 -0.313168 0.429973
-0.637911 -0.492294 0.246117
-0.409230 0.485871 -0.471315
-0.719103 0.299976 0.140090
-0.477756 0.422687 -0.188914
-0.549186 0.413728 -0.065944
-0.395849 -0.299732 0.497000
-0.864167 -0.069240 -0.327819
-0.830651 -0.233114 0.287994
-0.665812 -0.291552 -0.226734
-0.593750 0.033609 -0.401164
-0.737650 0.188238 -0.130228
-0.641259 0.189878 -0.208402
-0.937595 -0.281933 0.041215
-0.966958 -0.318856 -0.268006
-0.455676 0.205934 -0.211170
-0.930646 -0.498053 0.143434
-0.962701 -0.055866 0.105140
-0.817033 0.026046 -0.187862
-0.894581 0.200819 0.391200
-0.886970 -0.154339 0.242165
-0.899428 -0.465333 -0.021007
-0.449257 0.146364 0.096490
-0.983172 -0.311246 0.355943
-0.857215 -0.141439 0.039915
-0.669811 0.421750 0.061444
-0.997202 -0.282676 0.176402
-0.930685 -0.186475 -0.031145
-0.891575 -0.418421 -0.299747
-0.622023 0.303098 0.204115
-0.709773 -0.208727 0.496494
-0.551640 0.365751 -0.150810
-0.977335 -0.193045 0.470488
-0.820824 0.113977 0.092592
-0.856535 -0.238205 -0.093339
-0.976615 -0.152825 0.252038
-0.789907 0.356323 0.214327
-0.458863 0.114608 -0.409105
-0.959906 -0.390212 0.171064
-0.950374 -0.123344 -0.316869
-0.831355 0.386859 0.144314
-0.475200 0.303293 -0.200528
-0.785246 -0.146923 0.066713
-0.480482 0.349353 -0.416885
-0.974761 -0.272916 0.291990
-0.722464 0.349498 0.363253
-0.982313 -0.226649 -0.174774
-0.786376 0.481098 -0.044291
-0.953675 -0.198400 0.371385
-0.628916 0.077156 0.048803
-0.818733 -0.383748 -0.473955
-0.690506 0.327697 -0.000511
-0.675741 0.255018 -0.126022
-0.776828 -0.124541 -0.313989
-0.226372 -0.002677 -0.488627
-0.534443 0.433885 -0.412522
-0.441290 0.483604 -0.271503
-0.697855 -0.103061 0.363811
-0.838371 0.406542 -0.028061
-0.685979 0.070226 0.499256
-0.887887 0.010959 0.069503
-0.936465 -0.300331 -0.192015
-0.563104 0.419868 0.263881
-0.675113 0.499689 0.449479
-0.585245 0.363559 -0.494289
-0.513676 0.498980 0.295846
-0.653286 0.056349 -0.290344
-0.947756 -0.453551 0.251128
-0.831213 0.069054 0.416447
-0.734878 0.372583 0.474277
-0.701945 -0.427333 -0.257190
-0.917767 -0.235057 0.110566
-0.727466 -0.465326 -0.389129
-0.942064 0.051544 0.207825
-0.929092 -0.139629 0.161088
-0.850131 -0.468417 -0.359501
-0.655445 0.494426 -0.353945
-0.647867 0.461908 -0.104583
-0.772969 0.168411 0.480248
-0.612310 -0.198937 0.116410
-0.544466 0.479432 -0.199827
-0.313906 0.350006 -0.015290
-0.900971 0.086082 -0.108993
-0.998813 -0.160753 0.042965
-0.551494 0.408266 0.136014
-0.366254 -0.375899 -0.390025
-0.799005 0.048526 -0.090546
-0.804002 -0.305869 -0.171690
-0.882199 0.484794 -0.068478
-0.816124 0.193017 -0.115271
-0.730397 -0.043071 -0.312680
-0.813101 0.224831 0.001426
-0.791902 0.245725 -0.260897
-0.901354 -0.401757 -0.203264
-0.565773 0.487738 -0.255845
-0.644549 0.111411 -0.464837
-0.959815 0.043483 0.031015
-0.974513 0.065501 0.148257
-0.796300 0.142697 -0.268507
-0.599252 0.393363 0.367610
-0.498738 -0.301238 -0.102048
-0.649380 0.463493 0.301168
-0.549643 0.296033 -0.426578
-0.459893 0.266760 -0.148745
-0.929299 0.354444 0.209040
-0.889617 -0.370473 -0.043780
-0.860715 -0.466295 -0.489048
-0.639460 -0.119262 -0.300108
-0.746769 0.028976 -0.498051
-0.628406 0.266891 -0.427589
0.542376 0.296012 0.074484
-0.810378 0.241559 -0.414014
0.807087 0.095629 -0.049031
-0.685155 0.258915 -0.275594
-0.801552 0.310146 -0.240793
-0.678479 0.472361 -0.499460
-0.711201 0.294866 -0.200381
-0.508667 0.327429 0.220429
-0.642717 0.144843 0.403642
-0.976644 -0.498106 0.367524
-0.993306 0.281993 0.408914
-0.728966 0.097379 -0.320872
-0.749379 0.453464 0.035879
-0.844801 -0.093990 -0.149672
-0.754574 -0.118376 0.143994
-0.195133 0.458706 -0.297959
-0.958251 -0.109144 0.334906
-0.751491 -0.100121 -0.224951
-0.613278 0.242337 -0.344444
-0.647567 -0.069802 0.496993
-0.978914 0.000126 0.286686
-0.937587 -0.127188 0.421711
-0.748523 0.416179 0.155940
-0.926314 -0.096376 -0.489711
-0.555744 0.061849 -0.480932
-0.553165 0.289786 -0.077975
-0.862857 0.198086 0.487865
-0.986125 -0.367938 0.002585
-0.669171 0.323198 -0.372549
-0.549860 0.353544 0.471175
-0.831156 0.060392 -0.442355
-0.843836 -0.489049 0.448945
-0.483136 0.346801 0.399920
-0.708981 0.224943 -0.433515
-0.811442 0.489071 0.069268
-0.802986 0.129908 -0.030833
-0.976169 0.447353 -0.016038
-0.988003 -0.331173 0.105190
-0.704079 0.498445 0.365460
-0.847613 -0.195135 -0.383973
-0.862627 0.263210 0.132997
-0.812839 -0.037072 -0.046849
-0.773316 0.469905 0.223690
-0.847456 0.469989 0.150263
-0.956890 -0.468451 -0.347165
-0.884694 -0.050571 0.026401
-0.896644 0.176300 0.125732
-0.905881 -0.111057 -0.105627
-0.522181 0.072891 0.053212
-0.751517 0.483511 -0.455468
-0.756925 0.130644 -0.432309
-0.993023 -0.058423 0.415400
-0.581745 0.166740 -0.499724
-0.898912 -0.275774 -0.414100
-0.570292 0.184900 -0.097054
-0.755581 0.360728 -0.051982
-0.886956 0.277990 0.477971
-0.800574 -0.356127 0.150298
-0.889294 0.275024 -0.139137
-0.619320 0.443756 -0.009129
0.306405 0.229530 0.485090
-0.731579 0.378029 0.297543
-0.975970 0.156303 0.073839
-0.894453 -0.416914 -0.146253
-0.965381 -0.045708 -0.386934
-0.615270 0.454876 -0.188544
-0.912463 0.496050 0.043238
-0.485863 0.211852 0.246827
-0.919221 0.166084 -0.396150
-0.831681 -0.211976 -0.462184
-0.663563 -0.228082 -0.145912
-0.989359 0.325285 0.122786
-0.998337 -0.126717 -0.449845
-0.874255 0.181538 -0.224613
-0.873218 0.087485 -0.336306
-0.893784 0.132913 0.018865
-0.615849 -0.486368 -0.487212
-0.788377 -0.240530 0.422260
-0.416489 -0.055949 -0.356735
-0.754724 -0.032171 -0.128936
-0.933567 -0.048107 0.343975
-0.461202 -0.494229 -0.297494
-0.930944 0.342872 -0.013313
-0.727939 0.358883 -0.187114
-0.702268 0.494657 0.294749
-0.552138 0.472876 -0.493905
-0.811019 0.159959 -0.353215
-0.840987 -0.169736 -0.153693
-0.891609 0.011196 0.471738
-0.978743 -0.368997 -0.385811
-0.700766 0.079641 0.063703
-0.775480 0.377492 -0.434994
-0.970167 -0.373848 -0.058299
-0.820309 0.486986 -0.152702
-0.985484 0.019044 -0.088334
-0.287930 0.499380 -0.185253
-0.914159 -0.346330 -0.468317
-0.699922 0.400357 0.370651
0.144550 0.395797 -0.403008
-0.097420 0.425472 -0.392072
-0.608713 0.047338 -0.206980
-0.998713 -0.307503 -0.106533
-0.860405 0.382198 -0.466484
-0.929228 0.358889 0.389011
-0.999605 -0.426393 -0.274096
-0.685825 -0.085878 -0.396023
-0.919538 -0.282561 -0.047043
-0.631910 0.376758 0.298644
-0.991767 -0.267878 0.491480
-0.766595 -0.065259 -0.484736
-0.861004 -0.062866 0.411501
-0.662725 0.472844 0.135647
-0.857618 0.079021 0.230442
-0.909468 -0.306028 -0.334086
-0.956406 0.465916 0.220642
-0.915757 -0.000366 0.162756
-0.934029 -0.062713 0.487398
-0.865207 0.356059 0.327930
-0.872384 0.067403 -0.044046
-0.986828 0.122145 0.234050
-0.934169 -0.402942 -0.451886
-0.609120 0.396688 -0.299997
-0.940183 0.288555 0.348062
-0.801882 -0.472223 -0.010240
-0.746149 0.468958 -0.228288
-0.648204 0.359066 0.143040
-0.817314 0.106493 -0.192799
-0.243291 0.111269 -0.394064
-0.559375 0.498941 0.490947
-0.886455 -0.397173 -0.375985
-0.305760 0.346173 0.384305
-0.945400 0.264469 0.051161
-0.806941 -0.046522 -0.248893
-0.339120 0.325158 0.496961
-0.990090 0.000666 -0.178955
-0.770580 -0.467486 -0.296019
-0.460656 0.232497 -0.355335
-0.655055 0.004279 -0.481107
-0.645554 0.384688 -0.152537
-0.762960 0.271771 -0.066706
-0.938061 0.372108 -0.125840
-0.859735 0.462414 0.278976
-0.736199 0.341434 -0.307134
-0.974696 0.257796 0.195000
-0.957346 -0.056641 0.032389
-0.897844 -0.031834 -0.210309
-0.299388 0.256975 -0.065929
-0.771461 0.426749 0.411221
-0.838179 -0.184120 -0.280727
-0.715164 0.426845 -0.370685
-0.811769 0.369936 -0.130225
-0.886560 0.046823 -0.257682
-0.904101 -0.018235 -0.058317
-0.964377 0.258955 0.257433
-0.849151 -0.396558 0.309835
-0.972540 0.156428 0.368998
-0.982844 0.411447 0.307660
-0.817988 0.379328 -0.312272
-0.729191 0.293873 0.481403
-0.966293 0.005918 -0.288482
-0.748500 -0.236068 -0.467164
-0.545528 -0.456803 -0.000558
-0.954946 0.212637 0.460019
-0.886337 0.423482 -0.251921
-0.909708 -0.173500 -0.175564
-0.869835 0.250867 -0.226977
-0.904047 -0.493103 -0.251021
-0.769351 0.250652 0.292852
-0.991194 -0.130032 -0.114677
-0.577516 0.459239 -0.338184
-0.663931 0.449527 -0.258255
-0.650946 0.197444 -0.050947
-0.812613 0.317102 -0.001543
-0.986641 -0.427307 -0.150833
-0.846791 0.147397 -0.483823
-0.754825 0.335515 0.057391
-0.915986 0.473836 0.147331
-0.803441 0.004831 -0.351482
-0.991256 0.440566 0.119215
-0.874200 0.211300 0.306987
-0.916300 0.385691 0.058413
-0.709549 0.434807 -0.137550
-0.986092 -0.053606 -0.167660
-0.994167 0.090176 -0.220314
-0.955832 0.133658 -0.041907
-0.794832 0.487622 -0.316238
-0.158844 0.161629 -0.097398
-0.862125 -0.114075 -0.229965
-0.837021 0.109125 0.496998
-0.904780 0.449885 -0.421015
-0.778490 0.237669 -0.193034
-0.973116 0.014632 -0.468082
-1.000000 0.488536 -0.159300
-0.913034 0.263040 -0.330799
-0.902186 -0.451365 0.051360
-0.951027 0.254018 -0.055157
-0.994878 0.106900 -0.140601
-0.842046 0.342333 0.432333
-0.857487 -0.019208 -0.490643
-0.925008 0.185134 -0.150380
-0.988260 -0.243749 -0.419170
-0.756787 -0.011074 0.147281
-0.997364 0.114577 -0.347561
-0.950974 0.197879 0.156283
-0.880154 -0.019526 -0.403608
-0.694116 0.317124 -0.470941
-0.968806 0.357981 -0.225260
-0.763725 0.192044 -0.497980
-0.960526 -0.497458 -0.434352
-0.881263 0.474910 -0.326847
-0.958106 0.401746 -0.299396
-0.977764 -0.064459 -0.056367
-0.549694 0.346934 -0.266929
-0.998820 0.169799 -0.477303
-0.834270 0.488258 -0.498437
-0.920993 0.425481 0.444420
-0.472410 0.300429 -0.491185
-0.883842 0.313075 -0.405055
-0.902253 0.368407 0.147502
-0.637282 0.123457 -0.374137
-0.974037 0.344457 0.287934
-0.461331 -0.044426 -0.219213
-0.878012 0.490611 0.360037
-0.984445 -0.302898 -0.496095
-0.992913 0.044207 -0.356220
-0.898682 0.255493 0.203243
-0.839076 0.450513 0.477147
-0.820132 0.394545 0.498199
-0.883428 0.433052 -0.190021
-0.967666 0.270708 -0.216096
-0.936821 0.151596 -0.276531
-0.720991 0.181513 -0.292518
-0.599750 0.321765 -0.353183
-0.809792 0.428922 0.343679
-0.790203 0.293264 -0.482375
-0.800581 0.261217 0.455647
-0.841217 0.293912 0.351103
-0.993795 0.479864 0.377848
-0.982715 -0.495057 -0.043405
-0.797176 -0.472110 -0.448358
-0.879833 -0.328876 -0.111483
-0.922498 0.134451 0.455313
-0.926392 0.250237 -0.489282
-0.643561 -0.187961 0.490320
0.030566 0.146045 -0.353684
-0.738982 0.264391 -0.362470
-0.999884 -0.227720 -0.334598
-0.997882 0.081190 0.447410
-0.959330 -0.236163 -0.255912
-0.993849 -0.055682 -0.284171
-0.991760 0.491442 -0.499130
-0.907793 0.083098 -0.196490
-0.988294 -0.057299 0.260342
-0.911589 0.078421 -0.483833
-0.483940 0.493358 0.089602
-0.947352 0.498095 0.303707
-0.638359 -0.488598 -0.398605
-0.864995 0.122403 0.301343
-0.891460 0.056983 0.144598
-0.828904 0.477828 -0.405793
-0.788801 -0.250869 -0.341189
-0.499595 0.498091 -0.476025
-0.983124 0.333845 -0.474537
-0.819508 -0.498921 -0.133358
-0.865757 -0.310929 -0.255775
0.061666 0.499103 -0.342190
-0.737855 0.406926 -0.299632
-0.967580 0.487355 0.491895
-0.946441 0.374436 -0.374449
-0.851603 0.402068 0.212418
-0.863956 -0.329344 0.044385
-0.985661 0.376118 0.493625
-0.964235 0.470576 -0.241695
-0.994516 0.015278 0.350770
-0.892461 0.349572 -0.250074
-0.992729 0.486972 -0.362839
-0.975980 -0.145640 -0.246708
-0.693855 -0.496258 0.041973
-0.988176 0.255386 -0.428117
-0.997656 0.259878 -0.142044
-0.350017 0.394540 -0.450512
-0.912374 0.180896 -0.483669
-0.955371 0.400123 -0.496350
-0.896795 0.164690 -0.055269
-0.221791 0.101482 -0.158614
-0.791612 -0.293090 -0.260866
-0.972383 0.096143 0.302857
-0.738846 -0.299152 0.470867
-0.685818 -0.357274 -0.188812
-0.133509 0.400700 -0.170700
-0.620227 0.199673 -0.421682
-0.985847 -0.234475 -0.093429
-0.720254 -0.194178 -0.298533
-0.896617 -0.409048 0.133275
