0.344824 -0.244458 0.0322429 
0.0887631 -0.221587 -0.0134794 
-0.353632 -0.191081 0.0170886 
-0.140803 -0.305868 0.0284099 
-0.0514977 0.0621534 0.025511 
-0.227256 0.131689 -0.0152716 
-0.296556 -0.0162962 0.0180475 
0.209424 -0.242838 -0.0323483 
-0.202637 0.0730499 -0.0310343 
0.299477 -0.0567244 0.0267877 
-0.405512 -0.0794854 -0.00787647 
0.478611 0.0593172 -0.0327185 
-0.193856 0.0267329 -0.0196312 
-0.470383 0.194975 -0.0233672 
0.410705 0.0698228 -0.00586738 
-0.326075 0.303512 -0.00883146 
0.0110442 -0.212461 -0.00515016 
0.0739787 -0.159313 0.0314314 
-0.0451474 -0.298932 -0.0325412 
0.296603 0.320085 -0.0172309 
-0.457409 0.0151456 -0.0234122 
-0.336354 -0.177184 -0.00830729 
0.0332707 -0.0610812 -0.0328292 
-0.490177 0.00013271 -0.00476613 
0.414556 -0.262567 0.0047796 
0.24149 -0.218861 0.0251497 
-0.196722 -0.104437 0.0285668 
-0.0191111 0.324267 0.0272164 
-0.406758 -0.0686809 0.0296991 
0.0181872 -9.08971e-05 0.0123121 
-0.216678 0.153936 -0.0291833 
-0.194148 0.0369939 -0.00795996 
-0.407558 0.0690553 0.0113775 
0.393352 0.231088 0.000236496 
-0.368232 -0.101018 0.011449 
-0.449283 -0.0676323 -0.013634 
-0.124849 -0.00252366 0.0102377 
0.13704 0.180988 -0.0289229 
0.180742 0.0893416 0.028359 
0.129388 -0.10019 0.0102254 
-0.0171748 0.0636292 0.0330292 
0.433185 0.0987264 0.0319775 
-0.063838 -0.29836 -0.00610901 
-0.243753 0.230537 0.022995 
-0.0495782 0.14523 -0.0170723 
-0.476516 0.151143 0.0282402 
0.49942 0.321424 -0.0182432 
0.275276 -0.135256 0.026305 
0.3821 0.198116 -0.0225799 
0.382455 0.258773 -0.000783607 
-0.495636 0.0887192 -0.000515651 
0.46818 -0.0722792 -0.00615286 
-0.0934353 0.27602 -0.0303636 
0.46363 0.270247 0.0285425 
0.459723 0.0600337 0.0129328 
-0.113707 0.10832 -0.0302638 
-0.400458 0.262329 0.0220912 
-0.266367 0.122904 0.023667 
0.103444 0.300546 0.0278938 
0.362679 0.312937 0.00486593 
-0.142862 0.287653 0.000129625 
0.33038 -0.193089 -0.0317623 
-0.280575 0.0483031 0.00815876 
0.422052 -0.220767 0.0201517 
0.106299 -0.187302 0.0152523 
0.342463 0.282303 0.00514251 
0.454853 0.0353339 2.89045e-05 
0.370749 -0.0646373 0.0316035 
-0.0675121 -0.0248048 -0.00456415 
-0.0375527 0.328751 -0.00422904 
0.497194 0.0792589 0.0189321 
0.0509798 0.206011 -0.0207466 
-0.300246 -0.113128 0.024376 
0.429691 0.146647 -0.00237771 
-0.00421908 0.26223 -0.0232319 
0.0815314 0.170354 -0.0278295 
0.270771 0.247242 0.00204154 
-0.297584 0.00683567 -0.00587602 
-0.25773 -0.0303909 0.0197173 
0.100654 0.230964 -0.00632258 
-0.380696 -0.253491 0.0229045 
-0.150871 -0.309755 0.00075087 
-0.448223 -0.19503 0.0288009 
0.459863 0.0166664 -0.0313072 
0.192689 -0.0597064 0.014401 
0.093051 0.0227301 -0.00285353 
0.351937 -0.210948 -0.0332633 
-0.00346678 -0.260923 0.00336066 
-0.14227 -0.0692715 -0.0146825 
-0.302755 -0.287207 -0.0209454 
0.339542 -0.212237 -0.00938513 
0.462449 -0.106644 0.00310802 
-0.357308 -0.0367059 0.0200562 
-0.0298136 -0.178065 0.0154788 
-0.181267 -0.0981634 0.00469642 
-0.138525 0.153095 -0.0170482 
0.0189843 0.0795161 -0.0325457 
0.430955 -0.248732 0.0142542 
0.283753 0.0644029 -0.00970626 
0.392553 0.189712 -0.0205836 
0.0825875 0.0157803 -0.00770889 
0.0926954 0.122121 -0.0304867 
-0.203967 0.247677 -0.00449197 
0.0218671 -0.157664 0.0303374 
-0.154436 0.08746 -0.0174779 
0.150809 0.116968 0.0104446 
0.233633 -0.222499 -0.0329178 
0.411127 -0.313362 -0.0250361 
0.465205 -0.127843 0.0312074 
-0.384299 -0.179278 0.00650436 
0.14086 0.259666 0.0297137 
0.231265 -0.0849031 -0.0233402 
-0.480868 0.0603591 -0.0088675 
-0.163807 0.0741853 0.00554314 
-0.132339 -0.268024 -0.0157672 
-0.061692 0.167204 0.0083262 
-0.243601 -0.0966323 -0.0207393 
-0.458225 -0.229827 -0.00584313 
-0.378352 -0.0783665 -0.0306948 
0.445023 -0.222757 -0.0069171 
-0.490734 -0.15184 0.029055 
0.165589 -0.268972 -0.000177994 
0.128331 0.196795 0.00116767 
0.392156 0.204152 0.0247149 
-0.0473846 -0.0108315 -0.0169766 
-0.2544 -0.22309 -0.0299672 
-0.262209 0.0745464 0.0135327 
-0.0192649 -0.19934 0.00518317 
-0.34217 -0.28559 0.0330215 
-0.131522 -0.193024 -0.0101748 
-0.42026 -0.15605 0.00820626 
-0.475949 0.00990382 0.0297538 
0.113185 0.0128568 0.00407582 
0.185775 -0.161092 -0.0277212 
0.313176 -0.23858 0.00647481 
0.022954 0.307222 -0.0211455 
0.065957 -0.247284 -0.00469333 
0.090173 0.106281 -0.00914598 
0.134018 -0.261538 -0.00747331 
0.00159264 0.29092 -0.0263599 
-0.298397 0.253953 0.0148735 
-0.183407 -0.0928362 -0.0317914 
0.24845 0.256325 -0.0133592 
-0.124276 0.130335 0.0205358 
-0.0139861 0.109999 0.0179302 
-0.174068 -0.051029 0.0299798 
0.0298812 -0.181396 -0.0325835 
-0.384487 0.0927581 -0.027287 
-0.256212 0.128992 0.0294767 
-0.0231314 0.233735 -0.000190552 
0.353776 0.14919 0.0289476 
0.247422 -0.0389168 -0.0104203 
-0.259581 0.252076 -0.00519088 
-0.0072256 -0.307269 0.0103628 
-0.274618 0.33174 -0.0320568 
-0.0964896 -0.101807 0.0211203 
0.296467 -0.313784 0.00910491 
0.354713 -0.0578258 0.0232319 
-0.28055 -0.0817576 0.0325944 
-0.294482 -0.281524 0.0200033 
-0.41561 -0.131091 -0.0171694 
0.371875 -0.306066 -0.0311171 
-0.432638 -0.214799 0.02795 
0.234668 -0.257903 -0.0312743 
0.247439 -0.00222516 -0.0262452 
-0.17061 0.204636 0.00564293 
0.4609 -0.32846 -0.00289709 
0.0933092 0.171037 -0.0328717 
-0.257943 -0.184597 -0.0279464 
0.136245 -0.278552 -0.0224231 
-0.132496 0.27981 -0.00707445 
0.197758 0.026943 0.0307531 
0.399091 -0.0290945 -0.0247025 
-0.333322 0.188881 0.0164903 
-0.483302 0.311676 0.0320864 
0.0198057 0.0584892 0.0084811 
0.176103 0.0903046 -0.033042 
0.255875 0.198241 -0.0281289 
-0.488413 0.138676 -0.0184593 
0.399069 0.311328 -0.0132367 
0.374587 -0.181848 0.0192566 
0.176568 -0.113963 -0.0282233 
0.40415 0.0627857 0.014434 
-0.469709 0.0771759 0.00121043 
0.185122 0.333295 -0.0246007 
-0.327154 0.0568975 -0.00234532 
0.139894 -0.228507 0.0236565 
-0.00512716 -0.277326 -0.0319146 
-0.494088 -0.0463091 0.0128991 
0.315719 0.17458 -0.0311672 
-0.0688606 -0.212241 0.0215315 
0.134244 0.174929 -0.0160338 
0.120532 0.0212409 -0.00698856 
-0.00666687 -0.180785 -0.0157989 
0.432165 0.0360965 0.00971591 
0.326701 0.22267 0.00381385 
0.0990077 -0.17371 -0.00466023 
0.469918 0.252973 -0.0315415 
0.0166284 0.0628961 -0.018008 
-0.214362 -0.0795767 -0.0208674 
-0.495691 -0.132918 -0.0320725 
0.445435 0.0240426 0.0232243 
0.250841 0.0118787 -0.0107626 
0.364322 -0.174091 0.0146822 
0.447658 0.0573712 -0.030583 
-0.291756 0.189988 -0.00797535 
-0.028507 -0.00763035 -0.0114954 
0.168468 0.0188048 -0.00585281 
0.423698 0.120488 0.00390078 
0.244799 0.155875 -0.0132654 
0.133884 0.276901 -0.029797 
0.401944 0.20876 0.0326417 
-0.434662 0.184111 -0.0316543 
-0.261119 0.0886585 -0.0247495 
-0.301444 0.174853 0.0329056 
0.165338 -0.24217 0.00137599 
0.206288 -0.0593807 0.00184032 
-0.33999 0.0566617 0.0326006 
0.169249 -0.33298 -0.012991 
-0.0357538 -0.302988 0.013843 
-0.470749 0.0994292 0.0171643 
-0.30718 0.239364 -0.00982974 
0.302712 -0.0165266 -0.0195629 
-0.245055 -0.181064 -0.0159372 
0.0195596 0.2281 -0.0238313 
-0.276334 -0.16149 0.00965716 
-0.440552 0.104213 0.00886672 
0.488566 0.321685 0.0215219 
0.21467 -0.311265 0.00136009 
0.303614 0.295734 0.00566453 
0.193739 0.173121 -0.0187493 
0.184711 0.148909 0.0328245 
-0.362468 0.0130376 0.0217226 
0.320137 0.328906 0.0154902 
0.0701131 -0.228564 0.0258804 
-0.141223 -0.304315 -0.0139303 
-0.0411308 0.141812 -0.0326656 
-0.122243 0.155477 -0.0195343 
0.208425 -0.305591 0.019351 
0.129534 -0.205538 0.0307729 
0.325703 0.0593058 -0.0296508 
-0.470008 -0.118791 -0.0262516 
-0.269958 -0.0547761 0.0312882 
0.434591 0.301925 0.00392496 
0.460663 0.117547 -0.0210359 
-0.0695699 -0.0254067 0.025952 
-0.302891 0.12233 0.00792913 
-0.420517 0.203772 0.0156698 
-0.42277 0.240484 0.0178037 
-0.420751 0.312493 0.0026372 
-0.39658 0.218735 -0.00725344 
-0.137814 0.299863 -0.0301623 
-0.455173 -0.0844193 -0.0234631 
0.112297 0.150358 -0.0287304 
-0.0890633 -0.091643 -0.0333113 
0.180351 -0.146946 0.0316099 
-0.121262 -0.292143 0.0318921 
-0.428652 0.315755 0.029784 
0.348264 0.0235471 0.028222 
-0.0592047 0.116161 -0.0217475 
0.288837 -0.13388 -0.0137169 
0.0897967 0.225501 -0.0329056 
0.167026 -0.23932 -0.0320446 
0.49114 -0.00559932 0.018455 
0.462598 0.0829912 0.0222067 
-0.314148 0.166037 0.00383299 
0.200748 -0.124178 0.00602785 
0.425587 -0.133617 0.028515 
0.312935 -0.314508 -0.00357825 
-0.0478923 -0.253752 -0.0119669 
-0.0704279 -0.286054 -0.0274443 
-0.121077 -0.302014 -0.00354051 
-0.141768 0.250581 0.0171831 
-0.0332271 0.0558585 -0.0306385 
0.22347 0.0516907 0.0185452 
0.295313 0.248526 -0.00750072 
-0.0523445 -0.0647444 0.0269196 
0.480588 0.145806 0.030604 
-0.306711 0.111428 0.0235074 
-0.429408 0.174238 -0.0210554 
0.272592 0.100175 -0.032372 
0.35112 -0.30756 -0.00462604 
-0.496063 -0.0755623 -0.0195911 
-0.410683 0.147434 0.0247601 
-0.147657 -0.0522892 -0.0320855 
0.153458 0.106429 -0.00604951 
0.414315 -0.175895 -0.00890219 
-0.397677 0.122517 -0.00952662 
-0.424237 0.00605243 -0.0225468 
-0.398774 0.0293259 -0.0104801 
-0.283771 -0.142564 0.0185951 
-0.0469194 -0.154851 0.0063276 
0.0623 0.288586 -0.00181402 
-0.453448 0.0190814 0.0305644 
-0.265544 -0.277887 0.00822086 
0.30033 -0.159823 0.00155516 
-0.183797 0.195656 -0.027192 
0.27436 0.143264 -0.0148695 
-0.350926 -0.0241794 0.00760512 
0.410984 0.286599 0.0195798 
-0.00770897 0.196935 0.0278577 
0.146048 -0.327119 -0.0320171 
0.0500135 -0.209278 0.029593 
-0.361014 0.254452 0.0137996 
-0.333321 0.247196 0.0146055 
0.0742493 0.179562 -0.020498 
0.434952 0.186695 0.00589484 
0.244394 -0.0227391 -0.0260837 
-0.0521193 0.0705929 -0.0199126 
0.344706 0.0823086 0.0309001 
0.121351 -0.252011 -0.0320661 
-0.0556949 0.308817 0.00829504 
0.461903 -0.0168622 0.0213605 
-0.00466898 0.0583735 -0.00605925 
0.279068 -0.0813698 -0.030918 
-0.37913 -0.0952535 -0.0234059 
-0.288124 0.280151 -0.00146911 
-0.112804 0.239346 0.0289245 
-0.456982 -0.242485 -0.0211567 
0.194656 -0.0238325 -0.0136442 
0.139793 0.327298 0.00913308 
0.215632 0.121981 0.0178368 
0.255291 0.0417193 -0.0311007 
-0.296339 0.333121 0.0299996 
0.113928 0.0879341 0.00598799 
-0.0845555 0.0773487 0.0261543 
-0.0917526 0.230021 0.00630953 
0.314012 0.259155 0.0176368 
0.113527 -0.208682 0.0110864 
0.127713 -0.331418 -0.0297377 
0.0818484 -0.256775 0.0327562 
-0.0465563 -0.331308 -0.0253726 
0.0794165 -0.0842177 -0.00292921 
-0.260121 0.300002 -0.0308424 
0.0470152 -0.0360532 0.0284826 
0.0514699 -0.0750678 -0.0221311 
-0.388808 -0.332816 -0.00865987 
-0.149906 -0.326096 -0.0262677 
-0.0169755 0.143098 0.0329155 
-0.384636 -0.198906 0.0330068 
0.19145 0.207723 -0.0157035 
-0.283448 -0.217087 0.0205913 
0.0345868 0.314687 -0.0251614 
0.0366185 0.218519 0.0199029 
0.490195 0.171589 0.0291573 
0.431021 -0.258012 0.0273498 
-0.464737 -0.106635 -0.0136693 
-0.185782 0.11418 0.00804282 
-0.0989778 -0.188142 0.00090678 
0.126581 -0.0962974 -0.0320771 
-0.150329 0.00812432 -0.0201622 
-0.374211 -0.0786904 0.00459775 
0.115168 -0.101806 -0.031112 
0.4206 0.283147 0.0262103 
-0.226127 0.233563 -0.029934 
0.305885 0.022087 -0.0100058 
-0.261008 0.161192 -0.0315768 
-0.447368 0.306087 0.0215684 
-0.443465 -0.0300504 0.031308 
0.254438 0.279765 0.0296659 
-0.432094 -0.219393 -0.0122643 
-0.368306 -0.303534 0.00807458 
0.258539 -0.265945 0.00997877 
-0.313138 -0.00145274 -0.0254277 
-0.149067 -0.162957 -0.0230978 
-0.153422 -0.0512349 -0.00699846 
-0.140785 -0.236624 0.0162793 
0.40229 -0.235001 0.0308802 
-0.0968141 -0.296227 0.0252408 
0.0582867 -0.291764 -0.0213141 
0.0423911 0.150983 0.0159453 
0.441703 -0.0866017 0.017579 
-0.167813 0.231951 0.00614942 
-0.35272 0.0444931 0.0272599 
0.268791 0.113118 -0.0291739 
-0.243658 -0.281808 -0.0216955 
-0.426376 0.0999682 -0.0118728 
-0.026104 0.331304 -0.0130598 
-0.0354508 0.0875883 0.0164339 
0.220218 0.312021 0.0276557 
-0.410099 0.309217 0.0136503 
0.390004 -0.124344 -0.0151414 
0.291224 -0.28253 0.0105083 
0.284754 0.145201 0.0298406 
0.159801 -0.1191 -0.0325523 
0.277966 0.230535 -0.0134603 
-0.111602 0.280097 -0.00787107 
-0.442529 0.247813 -0.0324958 
0.369547 -0.0819511 -0.00167798 
-0.41007 -0.13673 -0.0269289 
0.124593 -0.132994 -0.0191095 
-0.389604 0.289515 0.0232307 
0.239996 0.176422 0.014557 
0.167611 0.146585 0.00113942 
-0.188789 -0.29107 -0.017696 
0.401744 0.31522 0.029658 
0.154673 0.0670995 0.0315172 
-0.408664 0.0543051 -0.0046851 
0.168605 0.0712939 -0.00825063 
0.180081 0.047419 0.0128783 
0.263345 -0.210943 0.0173848 
0.225914 -0.322713 0.00803951 
0.5 -0.228221 0.0148345 
-0.0229702 -0.238499 0.000577409 
0.0242391 -0.0827645 0.0154893 
-0.23697 -0.324041 0.000372104 
-0.0516968 0.201279 0.0295858 
0.0139982 -0.254103 0.0221813 
-0.41397 0.0842437 -0.00166 
0.30022 -0.241885 -0.0308297 
-0.373597 -0.145702 -0.0010697 
0.260337 0.103279 0.0255832 
0.386945 0.237389 0.00901844 
0.437987 -0.238801 0.0247632 
-0.308966 0.00370374 0.026228 
-0.363631 -0.0212276 0.015347 
-0.378994 -0.250363 -0.0115442 
-0.00333941 0.319704 -0.00538518 
0.39505 -0.216936 -0.000783738 
0.132775 0.0768301 -0.0199319 
-0.154699 0.262778 0.0206259 
0.334506 0.00629058 -0.0317569 
-0.206008 -0.138198 0.0193082 
-0.180562 -0.182713 0.0330553 
0.151423 0.2484 -0.022208 
0.0141651 0.156213 -0.0230378 
-0.0328724 -0.0434713 0.0125349 
-0.379242 -0.16753 0.00420101 
0.0138484 -0.0101167 0.0325432 
-0.0993667 -0.0942082 -0.000135239 
0.183578 0.131351 -0.0220363 
-0.36105 -0.0695366 0.0213932 
0.468611 0.179045 0.0066454 
-0.12471 -0.130393 0.0307363 
0.0525244 0.214886 0.000464465 
-0.270656 -0.0739344 0.0138614 
-0.0498611 -0.0416267 -0.0161492 
-0.140106 0.00310826 0.0155217 
-0.258695 -0.330951 0.0127103 
-0.260455 -0.286892 0.0263401 
0.440521 0.251813 -0.0194596 
-0.442969 0.127379 -0.0221975 
-0.288073 0.139089 0.0197666 
0.137562 0.0145651 -0.0319644 
0.285089 0.28964 -0.0271905 
-0.0681469 -0.284309 -0.0134082 
0.0309622 0.0603113 0.00902834 
-0.070448 -0.104352 0.0166662 
-0.00721139 -0.185483 -0.0286049 
0.019339 -0.0262736 0.00557968 
0.222899 -0.253131 0.00691637 
-0.355184 0.104405 -0.0333276 
0.181456 -0.0657102 0.0187561 
0.407251 -0.304999 0.00715126 
-0.268894 0.0267137 0.0226008 
0.432269 0.0460641 0.0332345 
-0.435467 -0.20009 -0.0157582 
-0.0563876 0.0659602 0.01421 
-0.0862373 -0.0670419 -0.0297458 
0.474448 0.18364 -0.00763057 
-0.0823203 0.170027 -0.033233 
-0.247117 0.306565 -0.0274076 
-0.376378 0.332669 -0.0081003 
0.0357398 0.272821 -0.0171881 
-0.310768 -0.320144 0.0204586 
0.306635 0.0448226 -0.0221221 
0.217806 0.112619 0.0153742 
0.10145 0.0326146 0.0276815 
0.449367 0.0833085 0.00357765 
0.362715 0.0140915 0.0276042 
0.119668 -0.0413782 -0.0192212 
-0.0602695 0.0233189 -0.0175498 
-0.325812 0.0160452 -0.0168631 
0.107971 0.109146 0.00359174 
-0.435216 0.0340528 -0.0129962 
0.377153 0.151067 -0.0230318 
0.478607 -0.131285 0.0135317 
0.0500697 -0.195314 0.0206625 
-0.227551 0.196942 -0.0328597 
-0.458617 0.101071 -0.021219 
0.421142 0.246617 0.015777 
-0.322687 -0.0212702 0.0112388 
-0.243773 -0.283139 -0.00707317 
-0.167467 0.27994 -0.013592 
-0.182446 0.333334 -0.0257738 
0.284834 -0.294095 0.00178758 
0.0559149 0.264809 -0.0264431 
0.0212286 0.0694273 0.000461131 
0.0106754 -0.0917382 -0.0221159 
-0.137357 0.00360131 -0.0242819 
0.0260464 0.242121 0.00960967 
0.312305 0.259428 -0.000784066 
-0.00506467 0.206145 -0.00536417 
-0.287382 -0.100987 0.0138028 
0.152889 0.204678 0.0329858 
0.450367 -0.119094 -0.0168637 
-0.364861 0.0533498 -0.0302299 
-0.34948 0.191476 -0.019632 
-0.215999 0.0725316 -0.0305004 
-0.274441 -0.284616 -0.0134415 
0.497862 0.00962433 -0.0102333 
-0.240267 0.25964 0.00641221 
0.404236 0.270085 -0.0269557 
-0.173597 0.0326564 -0.0314469 
-0.486457 0.286245 0.0278706 
-0.425664 -0.116173 0.0158245 
-0.281817 -0.0679989 -0.00665572 
0.00466537 0.211141 0.001422 
0.141615 0.0915399 0.0074432 
0.469717 -0.0420735 0.0015271 
-0.457255 0.236508 -0.0120906 
-0.29882 -0.273065 0.024686 
-0.198534 -0.226862 -0.00426087 
-0.166913 0.0587863 0.00362844 
0.187561 -0.134954 -0.032907 
0.1869 0.196403 -0.00619466 
-0.0389501 -0.203698 0.011527 
0.453247 0.117435 0.020231 
-0.33476 0.258912 0.019884 
-0.0832503 0.0631155 -0.0306627 
0.030063 0.143207 0.028391 
-0.344655 0.129731 -0.00876826 
-0.251849 -0.0743606 0.00892746 
0.423426 0.29401 0.0187796 
-0.0205214 -0.184042 -0.0328412 
-0.298701 -0.314137 0.0135189 
0.454058 -0.287493 -0.022758 
0.366733 -0.226876 0.00566031 
0.338758 0.0828118 0.00595008 
0.109511 -0.01571 -0.00549729 
-0.010442 -0.0669315 -0.000648245 
-0.471959 0.121437 0.0215173 
0.0386235 0.023918 -0.0322113 
0.175525 -0.10261 -0.031297 
0.306599 0.264066 0.0192671 
-0.381377 -0.330792 -0.0244834 
0.0780728 -0.327651 -0.00211028 
-0.0014829 -0.121861 -0.0324644 
0.179821 -0.0192826 -0.00530977 
0.323849 -0.0409889 -0.0110217 
0.288191 0.0640575 -0.0221921 
0.211673 0.166308 0.0153561 
0.212938 -0.277979 -0.0241089 
0.0152121 0.0502459 -0.0106506 
0.228043 -0.0927672 0.0130776 
-0.024975 -0.08843 -0.0209173 
0.240955 0.0915097 0.0191767 
0.201107 -0.274267 -0.0220614 
-0.397556 -0.0646625 -0.0322733 
-0.453342 -0.119827 -0.0328829 
-0.200095 -0.121043 0.00832755 
0.278259 -0.2103 0.0152493 
-0.362642 0.0670078 0.00407932 
0.442098 -0.129827 -0.0219349 
0.00496119 -0.243706 0.03267 
-0.209889 0.0574155 -0.0313152 
-0.342611 -0.315285 -0.00947862 
0.322329 -0.218674 0.0281875 
0.354428 0.059879 -0.0298521 
0.431872 0.166624 -0.0188788 
0.0656587 -0.332933 -0.0153833 
0.44718 0.0679731 -0.0239038 
0.254866 -0.105975 -0.00542318 
0.353866 -0.0943941 0.0264324 
-0.118828 0.0608135 0.0121657 
0.496254 0.0115947 -0.026645 
0.163441 -0.140588 -0.0192979 
-0.15945 -0.282223 0.000899937 
0.45584 0.225586 0.0122847 
0.420612 0.327024 -0.0127604 
-0.464974 -0.0469678 -0.0315849 
0.448925 0.162533 -0.0211921 
-0.387551 -0.0551768 0.00305929 
0.141067 -0.153083 0.0315392 
-0.311481 0.32109 -0.0244347 
0.319737 -0.207984 -0.0180257 
-0.197677 0.0924366 0.0150143 
0.253527 0.196314 -0.00302901 
0.215291 0.0231838 -0.003763 
-0.378737 0.00949997 -0.00766128 
0.321884 -0.142114 0.0151693 
-0.238181 0.109315 0.0205772 
0.353365 -0.00976226 -0.0312052 
0.00795066 0.232987 0.0127215 
0.179677 0.010955 0.029273 
-0.452701 -0.265287 0.0134547 
-0.208511 0.106035 0.0141794 
0.267562 0.071426 -0.0180584 
-0.455983 0.000211775 -0.0250248 
-0.203274 0.198263 0.0046583 
-0.084601 -0.0482936 -0.0313385 
-0.282391 0.107509 -0.0175678 
-0.34651 0.31734 0.00582707 
0.197964 0.332603 -0.00246846 
-0.069362 0.306971 0.0325333 
-0.312945 -0.127404 -0.0271867 
-0.362126 0.0790766 -0.00643649 
-0.321983 0.139187 -0.0328714 
0.364493 0.220573 0.021348 
0.0263604 0.0279111 -0.0316059 
0.147012 0.185834 0.0158149 
-0.0405174 0.263201 -0.014767 
0.186786 0.157002 0.0146424 
-0.357552 0.120772 -0.0298511 
0.416255 0.0320897 0.0108992 
-0.112262 -0.0409369 0.0305391 
0.131393 -0.32523 0.0303015 
-0.312488 -0.0518794 -0.0167892 
0.471578 0.293407 -0.0295055 
-0.358605 -0.0913374 0.0292418 
0.277433 -0.273605 -0.0318166 
-0.226738 0.262339 0.00534584 
-0.0618066 -0.138919 -0.0177939 
-0.0758108 0.0953379 -0.0324152 
-0.465848 0.298274 0.027197 
0.0139076 -0.218077 0.0174709 
0.434021 0.297304 -0.02179 
0.424418 -0.0623021 -0.0190659 
-0.493975 0.0204933 -0.0211071 
0.366092 -0.213088 0.0212333 
-0.298591 -0.325229 0.0193959 
-0.126332 -0.0595521 -0.032695 
-0.15977 0.327257 0.0101792 
-0.114203 0.298039 0.0115106 
0.381629 0.222521 -0.0024203 
0.17811 -0.300227 0.0297309 
-0.406945 -0.132099 0.0209657 
0.0637265 0.269412 -0.0145427 
0.0267606 -0.233508 0.00554654 
0.422206 0.233465 0.0144622 
-0.448035 -0.0886878 0.00534609 
0.299584 0.230058 0.0233442 
0.166773 0.143761 0.0172796 
-0.388024 0.0386499 0.0307376 
-0.469301 -0.295415 -0.0297334 
0.144986 0.0528585 -0.0190836 
0.315814 -0.19095 -0.0154844 
0.482497 -0.0200818 0.0329885 
-0.380605 -0.1181 0.0134902 
0.114043 0.314321 -0.0214663 
0.398196 -0.0594926 0.020468 
-0.281083 0.158034 0.00749665 
-0.220731 -0.0305721 -0.0179696 
0.439198 -0.138874 -0.0106525 
-0.180672 0.255607 -0.0198893 
-0.237105 0.22156 0.0304834 
0.319343 0.0474958 0.0132775 
-0.104744 0.184784 -0.032086 
0.0744301 0.277458 -0.0188148 
-0.029717 -0.218196 0.0323472 
0.458823 -0.199791 -0.00976754 
0.404606 0.244074 0.012704 
-0.381088 0.20893 0.0267362 
-0.178882 0.0239385 0.0314202 
-0.366296 0.235662 0.0200589 
0.308565 -0.286436 -0.0113225 
-0.139347 -0.219006 -0.00784693 
-0.133299 0.0896694 -0.0239009 
-0.0544811 -0.0764657 -0.0106347 
0.437939 -0.267101 0.027421 
0.24738 -0.0519514 -0.00530604 
0.257379 0.0483394 0.00175857 
-0.287315 -0.0350925 0.00369937 
0.449957 0.327034 -0.0275784 
-0.145612 -0.268024 0.0306982 
0.381502 0.120421 0.00906726 
-0.156358 -0.319484 0.0253515 
-0.233873 -0.32596 0.019166 
0.484378 0.0971339 -0.0188455 
0.139579 0.0738476 -0.0325459 
-0.360575 -0.238391 -0.00834977 
0.234085 0.0616144 0.0154814 
0.358832 0.267521 0.0291331 
-0.343536 0.331812 -0.0291296 
-0.0275694 -0.186858 0.00617699 
-0.17449 -0.156188 0.0209035 
0.167026 0.0112816 0.011939 
0.334042 -0.243371 0.000301797 
-0.397074 0.104662 0.00109748 
0.164525 0.0763389 0.0322798 
-0.435426 0.309087 -0.0261805 
-0.0677781 0.260717 -0.0302956 
-0.0306827 0.215983 -0.0290356 
0.0231719 0.166422 -0.0238833 
0.117486 0.0992195 -0.0187275 
-0.0190139 -0.147593 0.0318746 
0.111163 -0.0348876 -0.0267655 
-0.271268 0.0461057 0.000194587 
0.337494 0.0570631 0.0276989 
-0.401481 0.188255 -0.0207159 
0.0493951 0.232959 0.00312745 
0.23285 -0.239409 0.00692452 
0.233508 0.0709964 -0.00684399 
-0.420012 -0.101267 0.0112731 
0.0876705 0.0726534 0.0303724 
-0.289398 0.070629 0.0254847 
-0.0142816 0.153593 -0.0123096 
-0.406746 -0.0194497 0.0195041 
-0.125266 -0.124459 -0.0144919 
0.470083 -0.258569 0.0139913 
0.20751 -0.195852 0.0254381 
-0.220618 0.0805884 -0.00597353 
-0.0279371 0.241674 -0.0212497 
-0.198644 -0.230384 -0.0271225 
-0.22955 0.114607 -0.0103128 
0.158047 0.151964 0.0311041 
0.373681 -0.0282078 0.0126242 
-0.331753 -0.325808 0.0302965 
-0.292218 0.125031 0.0183855 
0.0473344 0.245186 -0.0085064 
-0.14543 -0.173949 0.0305531 
0.498932 0.303034 -0.00134234 
-0.320067 -0.07413 -0.0171542 
0.441827 -0.08474 0.0314789 
0.329639 0.233721 0.00362406 
0.423509 0.119278 -0.0200428 
-0.16377 -0.0660565 -0.033242 
-0.242199 0.118973 -0.0255728 
-0.0665558 -0.22109 0.0330817 
0.470565 0.0835354 -0.00376897 
-0.400887 0.0340553 -0.0328841 
-0.167061 -0.142439 0.0281809 
0.132493 -0.153125 -0.00323514 
-0.218073 -0.330824 -0.0110439 
-0.0066697 0.140342 -0.0198169 
-0.410378 0.0703616 0.0270298 
-0.281855 -0.160049 -0.017697 
0.353172 -0.256716 0.0114718 
0.0177124 -0.122913 0.010664 
-0.199015 0.210951 -0.0265659 
0.293244 -0.216608 -0.0200047 
0.306197 -0.144772 0.0313658 
-0.400472 0.12039 -0.0212079 
0.334102 0.125173 0.02969 
0.255177 0.0382899 0.0116331 
0.469074 -0.0893672 0.0330593 
0.378324 0.166238 -0.00707765 
-0.00205937 0.224424 -0.00761646 
0.171751 -0.31395 0.0007888 
-0.431211 -0.117581 -0.0282689 
0.224986 0.127791 -0.0163523 
0.269326 0.21412 -0.00765676 
-0.385513 -0.152103 0.0206229 
-0.463328 -0.226477 -0.0262778 
0.478958 -0.227083 -0.0139372 
0.0375149 -0.234164 -0.00208515 
0.175888 -0.141924 -0.0144585 
-0.0155476 0.311627 0.0268225 
-0.452246 0.252157 0.0312425 
0.302556 0.274666 0.0232346 
-0.499955 -0.211495 0.0220042 
0.0878229 -0.218281 -0.000792727 
0.27869 -0.315231 -0.0194073 
0.460123 -0.32374 0.0329382 
-0.443583 -0.00304294 0.00786053 
-0.211537 0.16331 0.020622 
-0.287127 0.310719 0.0119715 
-0.309563 -0.0213643 0.0319915 
-0.447136 -0.103739 0.00680643 
-0.0141995 -0.0607124 -0.0159756 
-0.104453 -0.232668 0.00879845 
0.113703 -0.0278775 0.022579 
-0.254546 0.323366 -0.0249936 
-0.0548071 -0.256331 0.0297382 
0.114313 0.147859 -0.0123757 
0.0151662 -0.130843 -0.0269041 
0.00946718 0.0499689 0.00267545 
0.08398 -0.201333 -0.0189814 
0.152356 0.11768 0.0233962 
-0.00321075 -0.254582 -0.0289018 
0.00503665 0.252485 -0.0313831 
0.016156 -0.0194993 -0.00507212 
-0.289037 -0.171127 0.00536159 
0.151912 0.00572535 -0.0281895 
0.00513965 -0.116718 0.016488 
-0.014156 0.0250554 -0.00178032 
-0.335677 0.238517 0.00812236 
-0.210113 -0.117166 -0.0309369 
0.108653 -0.277776 -0.0131414 
-0.461866 0.298796 0.00700919 
-0.469025 -0.246872 -0.026517 
0.280147 -0.17128 -0.0218314 
-0.0835562 0.0432811 -0.00313721 
-0.0794324 0.108404 0.0188083 
0.189471 0.152248 -0.0250591 
-0.110969 0.0535846 0.0293657 
-0.26418 -0.0777143 0.0318173 
-0.127133 -0.313723 0.018786 
0.373538 -0.0588263 -0.0258606 
-0.0867157 0.266055 -0.0149445 
-0.447182 0.127102 -0.000693154 
-0.0106398 0.290065 -0.0276596 
-0.454732 0.323203 -0.0296282 
0.402823 -0.321964 -0.0313751 
0.23345 -0.152659 -0.0276814 
-0.153044 0.119319 -0.000133213 
-0.115957 0.0734646 0.0275907 
-0.259978 -0.0429671 0.0306113 
-0.34548 -0.0335118 0.0323343 
0.259543 -0.0716219 -0.00107669 
-0.146252 0.0935955 -0.0130923 
-0.11511 -0.0340059 -0.0331534 
0.353642 -0.118509 0.00255428 
0.105012 -0.1134 -0.0244651 
-0.0438646 0.217583 -0.00640844 
-0.166443 -0.140657 0.00576413 
0.257738 -0.30427 -0.0179694 
-0.442563 0.0525863 0.021037 
0.342466 -0.227335 0.0222431 
-0.0897198 -0.213503 0.0114984 
0.297766 0.155774 -0.0191096 
0.141949 0.0588618 0.0101257 
-0.379074 0.177756 0.0128464 
-0.286588 0.0847721 0.020165 
0.35239 -0.233078 0.0137769 
0.386752 0.147707 -0.0182455 
0.191292 0.166275 0.00735233 
0.441553 0.291016 -0.0294423 
-0.49808 -0.138971 0.0198338 
-0.46008 -0.151867 -0.0105816 
-0.136027 -0.091229 0.0215709 
0.464719 0.0352007 0.025342 
0.12962 -0.273852 0.00379267 
-0.213912 0.239938 -0.0300255 
0.456958 0.217438 0.0282152 
0.111064 -0.116615 0.00253135 
-0.226578 -0.073494 0.0111222 
0.427114 0.108511 0.00950377 
0.189566 -0.00325078 -0.00216679 
-0.446284 -0.234599 0.0153167 
0.418617 -0.265219 -0.0237773 
-0.35729 -0.0143152 0.00246482 
-0.227505 0.260238 0.027051 
-0.0409126 -0.0460069 0.0324954 
0.294115 0.271776 0.0325524 
0.279731 0.29806 0.0266233 
-0.257951 -0.239274 0.0315972 
0.185492 -0.229298 -0.0128204 
0.0292723 0.0992341 0.0139453 
-0.301082 0.306353 0.023923 
-0.184385 -0.186466 -0.0108789 
0.308145 -0.0807194 -0.0315095 
-0.455771 0.290993 -0.000321835 
-0.240444 0.195846 -0.0326073 
0.116526 -0.198033 0.0153614 
0.0598323 0.0557319 -0.0136851 
-0.430625 0.266624 -0.00521109 
0.36145 -0.0675618 -0.0309073 
-0.447349 -0.253567 -0.015815 
-0.353615 0.215967 -0.0117642 
-0.410105 -0.0105374 -0.0205293 
-0.140376 -0.264283 0.0041997 
0.0298216 0.254456 0.0312316 
0.459695 0.0510458 0.0169026 
0.182594 0.0281631 -0.00435499 
-0.0739542 -0.276229 0.0331475 
-0.424289 -0.267274 0.0195888 
0.0687292 -0.168173 0.0281073 
0.320564 0.248924 -0.00850346 
0.306179 -0.0359175 0.0331709 
0.392098 0.189005 0.00724302 
0.290027 -0.107956 -0.0126478 
-0.356956 -0.121081 -0.0198648 
0.0407708 0.0476048 0.00659856 
-0.229583 0.0257823 -0.0206516 
-0.160895 -0.266893 -0.00393113 
-0.122154 0.0396405 -0.0251018 
0.35201 -0.0119223 0.0119248 
0.366366 0.000681758 0.0302636 
0.0973402 -0.10959 -0.0153875 
0.233132 0.269235 0.0157436 
0.459991 -0.114756 0.0316946 
0.256464 0.00542852 -0.0212866 
0.319675 -0.183603 0.0319822 
-0.160308 -0.0866793 -0.000735804 
0.478701 0.32936 -0.0309179 
0.249989 0.0682524 0.0166403 
0.00964785 0.166384 -0.00680104 
-0.0867332 0.100259 -0.0128722 
0.0588021 -0.194107 -0.0148801 
-0.0134267 -0.133639 0.00802718 
-0.00132796 -0.0943215 0.00469458 
0.457396 -0.00528529 -0.00242918 
0.328133 -0.128875 0.0045726 
-0.125158 0.226269 -0.0213196 
0.486233 0.0793358 -0.00100383 
-0.244076 0.172916 0.0270439 
0.224409 -0.0036296 -0.0124386 
0.166306 -0.328646 0.0182821 
-0.214147 0.186762 -0.0232112 
0.264765 -0.153093 0.012065 
0.000714719 -0.106534 -0.0308705 
0.227802 0.001991 -0.000692327 
0.255921 -0.0594854 -0.0245437 
-0.384434 0.130455 -0.000904985 
-0.164925 0.205522 0.0209701 
-0.0965082 0.324012 0.014157 
0.00331414 0.00184759 -0.00669731 
-0.00725442 -0.28657 -0.0227875 
0.347119 0.227493 -0.00777812 
-0.0773384 -0.267725 -0.0160189 
-0.0506685 -0.0589793 -0.00598975 
0.452456 0.279332 0.0202637 
0.241353 -0.180939 -0.00165367 
-0.18209 0.218786 0.0285663 
0.121621 0.186257 -0.000919599 
0.248812 0.244034 -0.00199349 
0.0258136 0.331144 0.0114352 
0.242362 0.321402 -0.0191789 
-0.259716 0.0161338 0.00625972 
-0.0718373 0.0175709 0.0310872 
-0.0590051 -0.0527838 -0.0194286 
0.273514 0.15519 0.00790517 
-0.0133731 0.197152 -0.0119948 
-0.0703689 -0.0301665 -0.0139195 
0.0419534 0.192926 -0.0303082 
0.435742 0.118201 0.00488596 
-0.00964645 0.0600064 -0.0167738 
0.0967144 0.257201 -0.0158076 
-0.40602 -0.156289 -0.0296633 
0.273539 0.205487 -0.00561501 
0.219044 0.275902 -0.0271004 
0.403008 -0.246912 0.0209117 
-0.359447 -0.257359 -0.0201679 
-0.477088 -0.153849 -0.0219159 
-0.378018 0.246962 -0.0259509 
0.0595118 -0.199249 0.0311744 
-0.12203 -0.144385 0.0025756 
-0.320299 0.216257 0.0136392 
0.191144 -0.153151 0.0306082 
0.375812 -0.0191277 -0.0327529 
-0.391833 -0.110181 0.026284 
0.167019 0.25207 -0.0118128 
-0.371061 0.323451 -0.015022 
-0.385701 0.270321 0.00535781 
-0.32984 0.275007 0.0148196 
-0.446997 -0.0664575 0.0284441 
-0.401662 -0.0516669 -0.0327361 
-0.385682 0.0433626 0.0194293 
0.108486 0.250413 -0.014492 
-0.227266 -0.332321 0.0295831 
0.32297 -0.18705 0.0145851 
0.320596 -0.295 -0.00264259 
-0.307474 0.0961175 0.0203725 
-0.00966036 0.319617 0.00642701 
-0.201091 0.165033 -0.0120756 
0.140539 -0.0513641 0.0159904 
-0.35255 -0.271415 0.0201387 
0.44868 -0.330166 0.00726451 
0.315043 0.104989 -0.0317415 
-0.201428 0.236686 0.032835 
-0.188877 0.0396044 -0.0270894 
0.0138764 -0.0692318 -0.0332802 
0.392528 -0.106836 0.0158522 
-0.440781 0.217094 -0.00134581 
0.241007 0.316076 0.0198781 
0.447504 -0.0136575 -0.00480958 
0.133772 -0.097668 -0.0219086 
0.421677 -0.0428268 -0.0197684 
-0.0998408 0.328287 -0.0265213 
0.0692353 -0.29258 -0.00486289 
0.393063 -0.260334 -0.00385484 
-0.105776 -0.247031 0.00075531 
0.467644 0.133469 0.00896136 
0.365267 0.2945 -0.0225637 
-0.323936 0.00488207 -0.0317621 
-0.128997 -0.0988376 -0.0127852 
-0.0710051 -0.148586 -0.0249015 
-0.280485 -0.326765 0.00893369 
0.394146 -0.140138 0.00978306 
0.146074 0.13765 -2.86996e-05 
0.101849 0.113083 -0.0131046 
0.456829 0.0935813 -0.0209308 
0.23145 -0.198938 -0.0319651 
-0.0347625 0.262663 0.0284238 
0.400972 0.149065 -0.0327316 
0.375235 0.0943063 0.0262088 
-0.149647 -0.174204 -0.0255133 
0.13031 -0.304169 -0.0139992 
0.368512 -0.125924 -0.0328525 
-0.493952 -0.199398 0.0283183 
-0.393481 0.0807651 0.00893962 
-0.0933658 -0.0508681 -0.0219995 
0.326505 -0.0564697 0.0186724 
-0.399165 0.16601 -0.000873182 
0.149336 -0.207845 0.0253153 
0.271082 0.144696 0.0285721 
-0.413687 -0.0789396 -0.0168477 
0.320881 -0.0708093 0.0216284 
0.0581727 0.272163 0.0305665 
0.254953 0.0192674 -0.00127297 
-0.225922 0.239292 -0.0197227 
0.474864 0.21454 -0.013768 
-0.0564013 -0.229679 -0.0308118 
0.472792 -0.199378 0.013574 
-0.245089 -0.0724989 -0.0136112 
-0.300539 0.0616476 0.032976 
-0.165203 -0.271136 0.0331027 
0.0834574 -0.101553 0.0311367 
-0.48134 0.222269 0.00477546 
