0.051555 -0.440775 0.065712
-0.386722 0.024948 -0.251869
-0.278790 0.309773 -0.165173
-0.368684 -0.023431 -0.265977
0.206864 0.342093 0.140307
0.312234 -0.263677 0.057802
-0.332403 0.214558 0.255832
0.197327 0.387951 0.104540
0.346357 0.288227 -0.148424
0.341785 -0.056270 -0.241060
0.337907 0.203021 -0.085001
0.295316 0.201373 0.315285
-0.341662 -0.166408 0.177731
-0.031252 -0.083093 -0.415324
0.183834 0.124655 0.379569
0.307382 -0.079978 -0.281246
0.361072 0.085908 -0.264823
0.085641 0.174900 -0.445561
0.035163 -0.300694 0.329574
0.327670 -0.266741 0.163006
0.045978 0.033382 0.404528
-0.183556 -0.332418 0.304533
0.287585 -0.084331 0.312678
-0.299275 -0.251198 0.282627
-0.206399 0.439766 0.065467
0.455865 -0.068956 0.069709
0.441314 -0.195991 0.094153
-0.015915 0.293967 -0.361876
0.305937 0.139333 0.239514
0.250643 0.106768 -0.403639
-0.337597 -0.280504 0.135892
-0.236627 0.281257 -0.204690
0.024728 0.268419 0.323597
0.110578 0.319736 0.369679
0.474783 0.095251 -0.050265
0.006612 0.044606 -0.430082
0.414148 0.048061 -0.071232
-0.293568 0.158326 0.290480
0.209242 0.012493 -0.354035
-0.063539 -0.301562 -0.310590
-0.080794 0.084934 -0.393759
0.250770 -0.205781 -0.337324
-0.458994 0.016554 0.009218
0.237935 0.077174 0.389748
0.367183 -0.115573 -0.268939
-0.150514 0.375171 0.115831
-0.403715 -0.169802 -0.215321
0.361832 0.241351 -0.227692
-0.181794 0.274506 -0.310694
0.085805 -0.106651 0.414099
0.115891 0.397605 0.077651
0.069989 -0.312658 -0.341779
-0.119205 0.393700 0.185335
-0.111300 -0.253623 0.352732
0.125969 -0.356061 -0.212866
0.128097 -0.355911 0.307913
0.320126 0.115622 0.317351
0.345488 0.196734 -0.304507
0.065239 -0.128590 -0.454244
-0.286340 0.029560 -0.337726
0.009054 0.412779 0.122896
-0.217006 -0.117343 0.360364
0.147211 0.044392 0.426506
-0.080302 -0.395260 0.002586
-0.407924 -0.104741 0.239187
0.477105 0.129522 -0.028548
-0.228465 0.174620 -0.370265
-0.213424 -0.151999 0.320571
-0.319836 0.184779 -0.221010
-0.174189 -0.252877 -0.295564
-0.452468 -0.011961 -0.133095
0.358991 -0.318546 0.104765
0.405123 0.016510 -0.263930
-0.176307 -0.058660 0.436019
-0.051298 -0.430406 -0.200214
-0.108881 -0.375149 -0.298256
-0.349268 -0.188717 -0.272239
-0.404746 0.192628 -0.186943
0.149048 -0.297414 0.359612
-0.268739 0.255510 -0.263930
-0.417959 -0.196521 0.160607
-0.267401 0.186432 0.278426
-0.063271 -0.108600 -0.408265
0.014339 0.160043 -0.415762
-0.144629 0.412497 0.050560
-0.243742 -0.332954 -0.272682
-0.418801 -0.063032 0.229302
0.248802 -0.316720 -0.259990
-0.365125 0.218603 0.029120
-0.417052 -0.170913 0.061528
-0.085584 -0.287980 0.324769
-0.177055 -0.421395 -0.166425
0.069477 -0.396086 0.174730
-0.068812 0.403797 0.147929
-0.215914 -0.067696 0.357077
-0.247277 0.387432 0.094986
0.344193 0.287278 0.222282
-0.221379 0.421800 0.004072
0.079054 0.256119 0.401224
0.203967 0.163919 -0.428085
0.143969 -0.114927 -0.405062
-0.278555 -0.186608 0.354524
-0.321479 -0.011979 0.361062
0.130123 -0.292474 -0.252559
0.348357 -0.252834 0.037100
0.096484 -0.380569 -0.264928
-0.188069 -0.265001 -0.262528
-0.059066 -0.474810 -0.067411
-0.076925 -0.210799 0.409471
-0.237969 0.303541 0.323019
0.253338 -0.225426 -0.266967
0.368261 -0.006272 0.182632
0.374731 -0.202031 0.247083
-0.184470 -0.391736 0.237128
0.374890 -0.027445 0.204942
-0.200910 0.308265 -0.227418
-0.475899 0.084753 -0.143733
-0.224707 0.387961 0.207507
-0.358067 -0.339084 0.057868
0.034630 0.013948 -0.490287
0.308639 0.323894 -0.008410
0.171894 -0.253819 0.368179
-0.060222 -0.421885 -0.152999
-0.088002 0.457895 0.180611
0.374840 -0.103036 -0.126265
-0.176581 -0.252900 0.357819
0.092646 0.090658 0.390639
0.357744 0.240604 0.059960
0.231125 -0.345551 -0.072529
-0.242093 -0.001472 -0.383462
0.278393 -0.212460 -0.253097
-0.141969 -0.109127 0.396547
-0.236414 0.261326 -0.272781
0.201088 -0.417081 -0.034784
-0.234564 -0.092810 0.336256
0.283194 -0.392940 -0.050313
-0.395221 -0.203850 -0.009302
-0.322170 -0.317075 -0.192882
-0.011014 0.436575 -0.083785
0.449287 0.189988 0.081898
0.292920 -0.311435 0.091323
-0.415458 0.067428 -0.233476
-0.286147 -0.007476 0.326692
-0.128860 0.450957 -0.169176
-0.070095 0.398597 -0.236735
-0.390134 -0.149443 -0.087535
-0.337594 0.145572 0.292018
0.319641 0.249515 0.197230
-0.107857 -0.412668 -0.088956
0.022672 -0.349727 -0.307398
0.055847 0.469860 0.124992
0.389653 -0.083727 -0.193951
-0.253977 -0.155842 0.389865
0.146267 0.034543 -0.410415
0.143454 0.386078 0.096491
0.337144 -0.145701 -0.262585
0.143203 0.413055 0.179597
-0.457417 0.024343 0.033710
-0.037567 -0.491334 0.068927
-0.103232 -0.379477 0.168085
-0.226506 -0.339337 0.230426
-0.168353 0.325710 -0.217979
-0.063507 -0.079444 -0.416431
0.036661 -0.299638 0.378236
0.290882 0.189391 -0.224074
-0.347571 -0.185200 0.299488
-0.068399 -0.181613 -0.440504
-0.110370 -0.473073 -0.023479
0.202015 0.257845 -0.244058
-0.145630 0.206523 -0.394635
-0.369359 0.235166 -0.218994
0.007671 -0.165524 0.393289
-0.032303 0.411593 -0.011488
-0.346655 0.017148 -0.306106
0.098927 -0.069116 -0.461805
-0.455277 -0.135925 -0.065864
0.180891 -0.292260 0.343149
0.411298 -0.187198 0.101404
-0.021751 -0.450740 0.098021
0.399434 0.276409 -0.011552
-0.412231 -0.124432 0.112668
-0.283123 0.340085 -0.205659
-0.339944 0.156348 -0.196837
-0.388977 0.166495 -0.015769
0.295177 -0.163571 0.333222
-0.443788 -0.011513 0.030781
0.066674 0.104797 0.461162
0.274412 -0.385021 -0.083995
0.232729 0.313466 -0.270299
0.291961 -0.295733 0.142693
0.141697 0.020038 0.453078
0.306480 -0.265614 -0.241591
-0.271196 -0.330173 -0.175178
-0.255446 -0.267957 0.305686
0.095416 -0.438921 0.188954
0.093052 -0.105704 0.447004
-0.205659 0.098244 -0.351442
0.434725 0.088132 -0.055009
0.382130 0.257709 -0.080001
-0.477421 0.048225 -0.159977
-0.350108 0.023298 -0.346765
0.092137 -0.324172 0.324136
0.156424 -0.045170 0.432452
0.281975 -0.229232 0.217812
0.178647 0.305126 0.297056
0.196442 -0.367762 -0.192119
0.297588 -0.113313 -0.258769
-0.417023 0.189275 -0.026820
0.323206 0.235287 -0.120795
-0.379203 -0.135076 -0.278857
0.462417 0.058591 0.003952
0.396500 0.025306 0.176053
0.165145 -0.319814 0.225365
0.244737 -0.434620 0.042153
0.184434 -0.194504 0.341688
0.145372 0.426714 -0.156506
0.099150 -0.345164 0.256335
0.178362 0.083724 0.457563
0.105024 0.041392 0.388265
0.043705 0.065164 0.419756
0.195484 -0.375130 -0.124511
0.363521 -0.248585 -0.055732
-0.437055 0.068879 -0.207772
0.180474 -0.384486 -0.059709
-0.135328 -0.139138 -0.375217
0.452708 0.173095 -0.087672
-0.043620 0.380497 0.215593
0.385397 0.083026 0.196268
-0.384174 0.282978 0.062467
-0.202288 -0.359546 0.234293
-0.478206 -0.141013 -0.065623
-0.125393 0.147892 -0.375385
-0.336294 0.290466 0.175626
0.407977 0.065389 0.152290
0.355875 -0.195416 0.101242
0.181446 -0.178447 0.316511
0.004351 -0.298544 -0.342679
0.359100 0.184784 0.120176
-0.390971 -0.239359 -0.177072
0.204810 0.213198 0.388079
0.334412 0.155817 -0.229254
-0.400490 -0.099650 -0.031538
-0.036738 -0.463755 0.155993
-0.362684 -0.124994 -0.230219
0.422956 -0.057616 -0.248607
0.037911 0.407017 -0.149735
-0.166041 -0.363128 -0.178289
0.223468 0.315372 -0.307982
-0.157359 0.119358 -0.436349
0.228072 0.152337 0.392105
0.174365 0.262456 -0.376357
-0.440301 -0.099105 -0.187245
-0.236349 0.139756 0.414324
-0.458246 0.051225 0.044073
-0.364003 -0.060122 0.286687
-0.383910 -0.311819 -0.059096
-0.297309 -0.146675 0.242228
0.318444 -0.306869 0.118946
-0.013525 -0.238988 0.360752
-0.069084 0.383190 -0.281258
0.357299 -0.016902 -0.257626
0.091274 -0.004219 -0.443782
0.298286 0.129137 -0.324354
0.113931 0.465059 -0.154383
0.232453 -0.096494 0.340262
-0.298383 -0.032079 -0.279721
-0.328735 0.150092 -0.341748
0.208241 0.062243 0.436314
0.181414 -0.352273 -0.233517
0.073104 0.030516 -0.427592
0.389614 -0.071443 -0.260929
0.443035 -0.190330 -0.041550
-0.346946 0.232339 -0.117097
0.050427 -0.207971 0.438434
0.366236 0.186356 0.047197
0.217512 -0.195639 0.294503
-0.100427 -0.287506 -0.394346
-0.172543 0.120903 -0.363416
0.299423 0.035206 -0.384198
0.298610 0.228692 0.308772
-0.296658 0.061224 -0.394231
-0.478830 -0.161190 0.026704
-0.389741 0.110031 0.292881
-0.036329 0.261351 0.320231
-0.093617 -0.126073 0.424701
-0.168679 -0.225553 -0.327207
0.308604 -0.197940 0.167056
-0.437153 0.120671 -0.039803
0.407716 -0.202050 -0.071108
-0.095952 -0.381408 0.203105
-0.031138 0.461515 -0.129297
-0.494222 -0.009248 0.099746
0.371261 0.027968 0.173946
0.411438 0.100618 -0.237180
-0.397965 -0.164258 0.092203
-0.157858 -0.403413 -0.068673
-0.165347 -0.255552 0.320128
-0.341039 -0.094105 -0.307798
-0.342080 -0.117155 -0.200402
0.137334 -0.387002 0.233999
-0.424052 -0.164396 -0.187896
0.104507 -0.386090 -0.087530
0.184292 0.331200 -0.278506
-0.343895 -0.029311 0.255602
0.347657 -0.009339 -0.206293
0.228390 0.344908 -0.003433
0.295337 0.153628 0.359960
0.348113 -0.324555 -0.142553
-0.381272 0.255009 0.121018
0.205700 -0.239467 -0.286151
-0.118767 -0.172294 -0.353455
-0.040449 -0.360022 0.337778
-0.119750 -0.192387 -0.448059
-0.407499 -0.023867 0.182018
-0.186412 -0.371039 0.182535
0.053244 0.078469 -0.400281
0.144525 0.453695 0.026029
-0.267927 0.288891 0.169662
-0.135922 -0.283728 0.350655
0.316928 0.182306 -0.293405
-0.427925 0.141498 0.082132
0.169981 0.361919 0.268745
-0.215899 0.368589 -0.122413
-0.280388 0.033070 -0.365742
0.345981 -0.232598 -0.129968
-0.062402 0.387529 -0.143980
-0.276421 -0.310828 0.228341
-0.112108 -0.401436 0.124477
-0.455879 0.003012 0.208582
0.200762 -0.132416 -0.376128
0.290633 0.337033 -0.101430
-0.030948 0.345927 0.298036
0.142846 -0.057667 0.464013
0.402754 -0.103707 0.000038
0.283877 -0.071851 0.281101
-0.400596 0.049996 0.110807
0.090100 0.050718 -0.391644
-0.304978 -0.173836 -0.313195
-0.152732 -0.215813 0.319424
0.386861 -0.275436 0.141714
0.237372 -0.103654 -0.314275
-0.237438 0.193073 0.288613
-0.061494 0.035319 -0.473757
0.392157 -0.279257 0.030362
0.150954 0.463665 -0.074011
0.192769 0.247305 0.310001
-0.241424 -0.165324 0.307283
0.163076 -0.330539 0.323959
-0.224829 -0.273507 0.308784
0.429392 0.055817 -0.040600
-0.034767 0.413386 0.145962
-0.043117 0.347480 0.232805
0.125634 -0.285955 -0.319555
-0.207666 0.399295 0.115595
-0.009208 -0.473656 0.074241
0.063663 0.200415 0.449476
-0.465307 0.109566 0.062311
-0.122943 -0.224185 0.390362
0.134038 0.149297 0.357625
0.216141 0.143031 -0.320494
-0.362682 0.271792 0.026725
0.146740 -0.088042 0.393870
0.193993 0.000914 0.430890
-0.093684 0.222132 -0.428117
0.413453 -0.104281 0.150295
0.174386 0.397268 -0.102504
0.471733 0.006535 0.050623
0.448547 0.077258 0.059927
0.127611 -0.313281 0.320818
0.385241 -0.069591 0.145564
0.077684 0.060873 0.412761
-0.093412 -0.358274 0.335420
0.080072 0.471614 -0.091995
0.241750 0.263345 0.295643
-0.311065 -0.238195 0.172650
0.175517 0.249374 0.342198
-0.339714 -0.319940 -0.096413
-0.385198 0.305526 0.018238
-0.016534 -0.246925 -0.350297
0.084361 0.341277 -0.233430
-0.150226 -0.283300 -0.295271
-0.161057 0.048988 -0.474220
-0.008874 0.446989 -0.106736
0.230947 0.377092 -0.167570
0.211403 -0.148760 -0.420727
-0.205616 0.341092 -0.156569
-0.347786 0.159939 -0.280640
-0.341473 0.206086 -0.249128
-0.176411 -0.469468 -0.019288
0.169478 0.209452 -0.320140
0.209084 -0.114010 -0.347439
0.140739 0.256762 -0.379505
-0.398716 -0.266245 -0.041103
-0.315802 0.278939 -0.259881
0.283596 -0.198374 -0.313111
-0.184579 -0.124329 0.382207
-0.224124 0.389318 0.085222
-0.247311 0.386481 -0.005836
0.277525 -0.171323 0.292054
0.019941 -0.310507 -0.318511
0.270640 0.018914 -0.305812
0.005441 0.493168 -0.013837
0.063478 0.454942 0.089988
-0.145040 -0.188156 -0.333669
-0.162209 -0.215243 -0.361067
0.328838 0.196631 0.309941
0.044036 0.093504 0.439078
0.440686 -0.005522 -0.026170
0.457991 -0.132265 0.026017
0.331362 -0.355104 -0.076927
-0.406817 -0.065870 -0.280398
0.110349 -0.020011 0.477922
-0.334288 -0.069725 0.360521
0.026670 -0.425398 0.036120
-0.398500 -0.080835 0.029360
0.382365 -0.143281 -0.104897
0.148287 0.360337 -0.166346
-0.401749 0.227265 0.110705
0.226676 0.425070 -0.124945
0.118749 -0.163034 0.436144
0.179327 -0.457221 -0.013739
-0.490516 -0.011689 -0.020589
-0.369193 -0.279981 -0.174250
0.448106 -0.085503 -0.047796
-0.052579 -0.316994 0.297834
0.152513 0.355454 -0.284128
-0.251271 0.331877 0.058036
0.046900 0.213597 -0.416331
-0.449134 -0.004068 -0.057896
0.426748 -0.201559 0.162798
-0.108052 0.153370 -0.422241
0.166131 -0.337552 0.147333
-0.150109 -0.003738 -0.400844
0.142234 0.407113 0.251183
-0.278019 -0.348261 0.119887
0.145518 0.476023 -0.041249
-0.146632 0.454144 -0.008821
0.353632 0.288073 0.151499
-0.243228 0.173826 -0.317663
-0.178137 -0.077827 0.381193
0.317666 -0.205564 -0.185593
0.390008 -0.085395 0.223654
0.045252 -0.414235 -0.038206
0.368683 0.068928 -0.208664
0.268407 -0.100860 0.405398
0.183196 -0.079331 0.374774
0.420254 -0.031782 0.042757
-0.418208 -0.049980 0.041271
-0.077575 -0.230375 -0.348988
0.172362 0.449429 -0.015790
-0.297289 -0.287453 -0.254634
-0.101803 -0.032607 -0.462253
-0.142314 0.453955 0.090669
-0.414318 -0.253375 0.055497
-0.230586 -0.411150 0.125923
0.295339 0.026044 0.400442
0.130043 -0.452636 -0.158711
-0.343843 0.131315 -0.244822
0.270592 0.378249 -0.167572
0.035205 0.413712 -0.215795
-0.319020 -0.179950 -0.262457
-0.172085 0.450261 0.109098
0.395938 -0.246536 0.070311
0.159929 0.278648 0.335104
0.045930 -0.445987 0.093533
0.363863 -0.098573 0.171751
-0.424991 -0.268837 -0.045606
0.370204 -0.146480 0.069945
0.350356 -0.065974 -0.262572
0.073148 0.009842 -0.403918
-0.082797 -0.339045 -0.243138
0.218773 0.275135 -0.199843
-0.385151 -0.219648 -0.148494
0.244322 -0.276995 0.281112
-0.127509 -0.464754 -0.107405
-0.490355 -0.035214 -0.092543
-0.365294 -0.087545 0.265323
0.235267 0.048205 0.350702
0.258552 -0.299202 0.095533
0.062133 0.130700 0.436974
0.468013 -0.173631 -0.022325
-0.014197 0.333353 -0.316678
-0.012545 0.133770 0.403956
-0.117090 0.103954 -0.448723
0.248665 -0.271686 -0.241395
-0.199117 0.131394 -0.338606
-0.296537 0.375954 -0.072133
0.412487 -0.167498 -0.203805
0.328808 0.145375 0.295128
-0.106281 0.016600 -0.482682
-0.189838 -0.214468 0.319999
-0.078222 -0.186630 0.352827
-0.003152 -0.023252 -0.439226
0.362727 -0.064817 0.223199
0.250638 0.234178 -0.296595
-0.269204 -0.372278 -0.162632
-0.237054 0.222968 0.306433
0.374407 0.101114 -0.233640
0.150153 0.147693 0.389346
-0.437755 -0.143662 -0.118756
0.084924 -0.465649 0.152957
-0.440729 0.127311 0.126772
0.295908 0.369972 0.082790
-0.031636 -0.416678 0.081956
0.004508 -0.070024 0.440145
0.037641 -0.446357 -0.003494
0.339563 -0.147296 -0.320631
-0.409655 0.206899 0.003377
-0.428565 -0.174377 -0.032531
0.469412 -0.105787 -0.088241
-0.342191 -0.258829 -0.059855
0.083600 0.021368 0.426286
0.473199 0.008480 -0.131014
-0.316364 0.235649 0.218329
0.208341 -0.351469 0.037240
-0.014252 0.129832 0.462941
0.055300 -0.008408 0.449005
-0.452653 -0.053557 -0.023919
-0.263129 0.235063 -0.227794
-0.323730 0.257503 0.160910
0.298055 0.023902 -0.318872
-0.086778 0.303500 -0.291685
0.468770 -0.039788 -0.010033
-0.406270 0.111400 0.140923
-0.093560 -0.057950 0.460255
0.431291 0.106910 -0.086562
0.162169 0.422960 0.141510
-0.227869 0.307077 0.289054
0.218495 -0.239179 0.345394
-0.371834 -0.278703 -0.088198
-0.425958 0.162913 -0.161224
0.393339 0.046353 0.220048
0.257983 -0.341941 0.223148
0.021526 0.346390 -0.365226
-0.328366 -0.055338 -0.301517
-0.315809 0.072076 0.383021
-0.278760 -0.008544 0.399546
0.287282 0.250069 0.215446
0.350915 0.067080 -0.323835
0.134625 0.300780 -0.263598
0.251539 -0.190890 0.317324
-0.390716 -0.223413 -0.208787
0.209146 -0.370740 0.179378
-0.145624 -0.413197 -0.117772
0.251318 -0.362330 -0.028289
0.224116 0.397047 0.105086
-0.183215 -0.117142 0.351873
-0.348672 -0.271677 -0.204359
0.170768 -0.054814 0.401428
-0.159977 0.337251 -0.187301
-0.090755 0.074786 -0.456292
-0.420333 0.026718 -0.258483
0.046677 0.273067 0.412309
-0.300349 0.368609 -0.007204
0.260661 0.348234 0.069747
0.146941 0.227175 0.326598
0.299891 -0.088354 -0.341176
0.043197 0.312947 -0.337685
-0.411817 0.040891 0.072516
-0.393781 0.195714 -0.122024
0.219354 -0.273995 -0.279771
0.253439 0.076365 -0.320977
0.452685 0.141044 -0.134076
-0.404166 -0.162468 0.207787
0.454829 0.066795 -0.062280
-0.120694 0.005018 -0.423397
0.123104 -0.357286 -0.259674
0.388218 -0.106290 -0.158532
0.385279 -0.050252 0.294600
0.168019 0.268864 -0.342470
-0.350327 -0.069479 0.200672
-0.173188 0.252803 0.391380
0.283066 -0.323463 -0.093862
-0.397883 -0.041576 0.138045
-0.087465 0.486598 -0.101593
-0.255013 0.027147 0.371462
0.311828 0.064525 0.269120
-0.134496 0.467937 0.028253
-0.203249 -0.342903 0.164314
-0.125323 -0.367009 -0.263977
-0.373767 -0.280643 -0.135142
0.181959 -0.415447 -0.085626
-0.368996 0.242578 0.060774
0.383415 0.119621 -0.115474
-0.077484 -0.479972 -0.092269
0.239748 -0.283610 -0.207289
-0.044998 -0.046949 0.435152
-0.210278 0.253082 0.287660
-0.266809 -0.004656 0.363370
0.204878 0.284652 -0.260234
-0.302102 0.166067 -0.322169
0.292083 -0.183803 -0.282389
0.392928 -0.281889 -0.040715
0.104578 -0.201488 -0.384870
0.130826 0.323279 0.290682
0.111387 -0.346780 -0.283961
-0.387993 -0.045025 0.250050
-0.339612 0.242529 -0.262697
0.197751 0.439449 -0.037721
0.150874 -0.394770 0.183654
0.263988 0.397455 -0.088136
-0.225550 0.202545 0.385095
0.378625 0.144125 0.080361
0.075191 -0.295643 -0.263657
0.239181 0.405536 0.028995
-0.035805 0.421754 -0.175307
0.011240 0.189360 -0.400864
0.073972 -0.432609 0.035260
-0.312904 0.299963 0.116894
-0.310053 0.285327 -0.125384
0.358815 -0.184107 -0.124145
0.335613 -0.028010 0.256450
-0.220236 0.170532 0.393678
-0.416727 -0.180630 -0.070563
0.342159 -0.240122 -0.105946
0.444430 0.091853 -0.107656
0.475891 0.134682 0.049332
-0.404856 0.135584 -0.049452
-0.075712 0.406492 -0.181672
-0.394252 -0.133231 -0.200234
-0.076794 -0.336011 0.271794
0.200228 0.237752 -0.311023
0.484855 -0.056220 -0.036978
-0.061852 0.326873 0.265118
-0.149945 -0.184092 0.337594
-0.032001 0.150403 -0.427080
0.126470 -0.245214 0.307412
-0.143393 -0.329201 -0.303531
-0.142069 0.027178 0.380863
0.148860 0.328587 -0.311848
-0.372402 0.284905 0.171831
0.388101 -0.109343 0.240771
0.103377 -0.001233 -0.475215
-0.038539 -0.124128 -0.432277
-0.446409 -0.117504 0.103205
0.197563 -0.339870 -0.155547
-0.170144 0.409355 0.122070
-0.032310 -0.002170 -0.444567
-0.266505 -0.307451 0.296850
0.363469 -0.099951 -0.299334
-0.064602 0.426526 -0.206628
-0.429707 0.096918 -0.145706
0.107351 -0.391258 -0.144608
-0.186610 0.031899 -0.372217
0.254282 0.103790 0.292074
0.371648 0.285821 -0.013858
0.179406 0.418049 -0.108793
-0.048772 -0.482779 -0.098815
-0.015963 0.126360 -0.453822
0.321843 -0.077468 -0.316255
0.143632 -0.436015 0.026269
-0.386955 -0.164663 0.002405
0.407136 0.114805 0.244698
0.296619 -0.314712 -0.017635
0.150982 -0.236028 -0.300535
-0.477209 -0.070399 0.008603
-0.051390 0.376034 -0.321283
-0.263889 -0.418678 -0.033387
0.010578 -0.344278 0.334886
0.047632 -0.316432 -0.247968
-0.412989 0.227881 -0.105740
-0.403102 0.100969 0.081835
-0.271348 -0.143335 -0.388437
0.431248 -0.164423 0.160184
-0.187389 -0.058580 -0.362913
0.078286 -0.459282 0.101147
0.051129 -0.384745 -0.277236
0.238410 0.298791 0.207295
0.076138 -0.428879 -0.046999
-0.157756 0.317054 0.252290
-0.143781 -0.437311 0.035472
-0.380881 0.331408 -0.008494
-0.028491 0.018195 -0.472384
-0.312473 0.189763 -0.279119
0.030174 -0.302047 0.298708
-0.092361 -0.352172 0.233044
-0.113392 -0.465565 0.038898
-0.429582 0.072468 0.092725
0.107955 -0.294319 -0.381216
-0.273720 -0.328800 0.083060
0.094052 -0.468645 0.071127
0.104879 -0.025212 0.442159
-0.401441 0.241345 -0.136495
0.207989 0.172783 -0.336245
-0.247791 -0.335921 0.026756
-0.091365 -0.460356 0.104909
-0.398063 0.074310 -0.082612
-0.093235 -0.297182 0.261426
-0.000148 -0.451699 0.026194
0.130898 -0.409737 -0.181138
-0.269223 0.307044 0.021758
-0.333487 -0.335865 0.124081
-0.302097 -0.227770 -0.279983
0.196669 -0.135166 0.341768
-0.302810 0.310744 -0.098250
0.443776 -0.074255 0.139984
-0.457100 0.075249 -0.102123
0.227163 0.323465 0.284900
0.163622 -0.453494 -0.125755
-0.290565 -0.239107 -0.207328
0.017921 -0.071721 -0.477321
-0.353571 0.296179 0.134779
-0.200035 -0.335079 0.105379
-0.069677 -0.331067 0.238991
0.153637 0.018929 -0.380685
0.388575 -0.305388 0.067879
0.314202 0.369176 0.120581
0.428820 -0.236231 0.056727
0.432567 -0.096203 -0.071167
0.178416 -0.271770 -0.328135
0.259926 0.363353 -0.063769
-0.163554 -0.371672 0.268785
0.244235 0.041218 -0.337249
0.354997 0.142319 0.164251
0.428845 -0.006474 0.203015
0.344790 0.030217 0.311799
0.029503 -0.381007 -0.135863
0.338355 -0.030812 0.316778
-0.449917 -0.069432 -0.200090
0.403089 -0.060528 0.264577
0.091423 0.456131 -0.122264
0.199851 -0.371008 0.100723
-0.030205 -0.366787 0.242921
-0.471370 -0.058208 -0.167245
-0.094109 -0.475689 0.132532
-0.141246 0.295617 0.332290
0.176421 -0.429237 -0.054449
0.319699 0.086131 -0.274482
-0.390423 -0.248084 0.192835
-0.033420 -0.406295 0.032670
-0.361132 0.306809 0.021511
-0.095597 -0.109240 0.455150
0.238000 -0.373698 0.022308
0.287574 -0.233615 -0.304620
-0.006911 0.409180 0.253377
0.335250 -0.024937 0.365092
-0.202283 -0.147815 -0.435280
0.074645 -0.078589 0.397178
0.019620 -0.374129 -0.281116
-0.425346 -0.256974 0.092333
-0.259514 0.306912 0.106395
0.006133 0.400115 -0.101969
0.128891 0.347016 0.207636
0.180647 0.318652 0.340925
0.045219 -0.413243 -0.256588
0.284724 0.322480 0.080341
-0.099676 -0.340935 -0.324997
0.354876 -0.257397 -0.215629
0.082994 -0.326004 -0.258399
-0.185659 0.002137 -0.383991
-0.099944 0.011411 0.469892
0.371460 -0.136893 0.184632
0.338238 -0.186422 -0.306304
0.255875 0.342767 -0.159381
-0.320527 -0.232625 -0.224534
0.171866 -0.150318 0.398514
-0.154183 0.371390 -0.186821
0.387773 -0.095356 0.108575
0.425399 -0.118266 -0.167010
0.008963 -0.200105 -0.437425
0.260475 0.345398 0.204693
-0.206883 0.024680 -0.385775
0.179487 0.418401 -0.189125
0.157581 -0.250248 -0.348982
-0.372071 -0.124201 -0.112028
0.363583 0.207391 0.122886
-0.242795 0.059822 0.321375
0.145803 -0.393035 0.136918
0.040813 -0.380228 0.173174
-0.264598 -0.138634 -0.333053
-0.401479 -0.099486 0.196303
0.030429 -0.182533 -0.409841
-0.074436 -0.375911 -0.163174
0.357502 -0.259945 -0.146368
0.388515 0.002561 -0.165946
0.128535 0.350374 0.336403
0.037352 0.410291 -0.283615
-0.303209 -0.132988 -0.262905
0.455077 -0.085450 -0.000517
-0.082589 0.143197 0.443396
0.113732 0.376424 0.127534
-0.257585 0.239085 0.329689
0.010183 0.397602 -0.175642
-0.008668 -0.310668 0.304285
0.238833 -0.186195 0.379846
0.010425 0.120619 -0.455055
-0.307118 -0.141753 0.349426
0.447168 0.056552 0.110888
0.459586 -0.163979 0.028565
0.254722 0.299337 0.275738
0.444459 0.106064 0.076634
-0.427108 -0.006162 0.237590
-0.134666 0.157303 -0.450652
-0.391533 0.252657 -0.075053
-0.226711 -0.332371 0.062633
0.378034 0.155804 0.015235
0.045971 -0.341613 -0.247398
-0.223022 0.186346 -0.289212
0.358823 0.249500 0.208649
-0.218578 -0.389479 0.153511
-0.289334 0.305000 -0.224461
-0.287519 0.360836 -0.120411
-0.251823 0.304812 0.141713
0.266378 -0.102380 0.338474
0.384407 -0.099768 -0.086023
0.156254 -0.401820 -0.110050
-0.005234 0.281673 0.301007
0.131786 0.416395 -0.081648
0.347354 -0.013710 -0.281867
0.109449 0.247633 -0.389226
-0.052148 -0.034064 0.491306
0.009673 0.437517 0.120494
-0.391098 0.047292 -0.215784
0.231740 0.274463 -0.327241
-0.227175 0.152412 0.323293
0.369856 0.017076 0.211366
-0.228172 0.416785 0.042900
0.036147 0.142322 0.394567
0.414682 -0.008617 0.050192
0.055592 -0.312691 0.269193
0.258233 -0.115896 0.308429
0.105404 -0.217590 0.378369
-0.175228 -0.378662 -0.115942
0.205752 -0.432389 0.035453
-0.010421 0.315935 -0.287135
0.202399 0.353144 0.107068
-0.255331 0.008717 -0.418101
-0.099693 -0.015436 0.416811
-0.025441 0.097329 0.400379
-0.245298 0.280836 -0.244884
0.138158 -0.263739 0.394316
0.416200 0.037181 0.122872
0.296435 0.266132 -0.193190
-0.112429 -0.288809 -0.294182
-0.324415 -0.122116 0.254751
0.112932 -0.410426 0.198818
-0.018345 0.081053 -0.404560
0.099342 -0.277928 0.325303
0.187892 -0.151629 -0.348116
0.396259 -0.115401 0.277232
0.413964 0.095384 -0.013072
-0.118030 0.137040 0.400161
0.184771 -0.356562 0.223128
-0.381832 -0.240548 0.053053
-0.349518 0.006241 0.360187
0.276251 -0.396207 0.122076
0.272668 0.316512 -0.233064
0.063591 0.226463 -0.377996
0.170591 -0.159580 0.345914
0.392555 0.180370 -0.187698
0.129648 -0.153234 -0.357713
0.160416 0.110485 0.372794
0.108246 -0.453414 0.118048
0.290993 -0.047961 0.400905
-0.060547 -0.207868 -0.385733
-0.361651 -0.125426 -0.146095
0.048469 -0.263736 0.305963
0.144956 0.137876 0.417227
-0.191809 -0.417648 0.037576
0.362671 -0.050077 -0.175343
0.138364 0.352217 0.264413
-0.244523 -0.000429 -0.344321
-0.225599 0.046876 0.394803
-0.293369 0.194652 0.299468
0.146055 -0.383502 -0.142786
0.309548 -0.204231 0.204692
-0.332407 0.347540 -0.075462
0.347597 -0.018535 0.220268
-0.009988 0.009405 0.465107
0.378137 -0.013107 -0.289542
0.050734 0.106909 0.391881
-0.001709 0.377375 0.264525
0.199439 -0.397830 0.097227
0.112257 0.218489 -0.384919
-0.044213 -0.338702 -0.321743
-0.263326 0.063484 0.418152
0.414207 0.044139 0.250281
-0.207360 -0.254754 -0.336736
-0.200345 -0.213714 0.391954
-0.290281 -0.322933 0.177816
0.165228 -0.050449 -0.389210
0.272702 0.282041 -0.236734
0.209991 -0.239687 0.288999
-0.262651 0.233187 0.228871
-0.150147 0.197138 -0.351063
0.052860 -0.060131 -0.406225
0.256626 0.203448 -0.365686
0.015483 0.438217 0.042974
0.130257 0.014407 0.381417
0.225812 -0.303997 -0.291561
-0.367936 -0.332736 -0.080490
-0.229401 -0.424361 -0.142535
-0.166687 0.388695 0.268010
-0.427112 0.173680 0.089290
-0.232625 0.365385 0.161267
-0.445881 0.071985 0.132396
-0.239813 0.219828 -0.314687
-0.226612 0.287971 -0.174739
-0.224855 -0.318146 -0.147051
-0.367397 -0.173686 -0.187720
-0.184734 -0.326246 0.245905
-0.194618 0.339413 -0.279313
0.269267 0.058319 -0.414884
0.265295 0.202530 0.330476
-0.418334 -0.240827 -0.079354
-0.313262 -0.263442 -0.080930
-0.200091 0.360870 0.146346
-0.186986 -0.302733 -0.255931
-0.039132 0.442013 -0.090402
0.025264 -0.252531 -0.373553
0.376971 -0.244428 0.216453
-0.354316 0.305210 -0.013020
0.293541 0.151223 0.338511
0.317818 0.235535 -0.261002
0.261839 0.330233 -0.074977
0.435967 0.198418 0.000534
-0.326778 0.338809 0.164919
0.171291 -0.368558 0.264528
0.077376 -0.241598 0.401807
0.108253 0.032423 -0.417788
-0.037230 0.220728 -0.389598
-0.396647 0.270216 0.013104
-0.218583 0.108920 0.426186
-0.397740 0.201014 -0.149216
-0.315602 0.369224 0.054621
0.236649 0.368147 -0.106119
-0.153303 -0.319367 0.314615
-0.150833 0.478751 -0.034483
-0.221970 0.358921 -0.053631
0.283424 0.009302 -0.406804
0.209974 0.407076 0.050733
-0.377354 -0.018261 -0.161212
0.253602 -0.387483 0.169438
-0.218805 -0.099742 0.441765
0.333458 -0.325787 0.149458
0.284000 0.130560 0.263516
0.157775 -0.205825 0.318142
-0.155878 -0.401702 -0.240199
-0.338649 -0.127884 -0.321109
0.336293 -0.132783 -0.295401
-0.480860 -0.038071 -0.044222
-0.379065 -0.108031 0.134084
0.141734 0.260262 0.299390
0.220055 -0.312728 0.291703
-0.233880 0.352650 -0.199950
0.364227 0.143753 -0.161817
-0.039236 -0.373314 -0.145045
0.121299 0.418477 0.099114
-0.361833 -0.318282 0.054199
-0.203337 0.358142 0.266420
0.395354 0.002130 0.202401
-0.020117 0.303376 0.288943
-0.187340 0.105725 0.447933
-0.072146 0.470208 0.139208
0.026141 0.338097 -0.284566
-0.227764 -0.222992 -0.378941
-0.386710 0.158970 -0.246606
0.079138 -0.243360 -0.315726
-0.079949 0.426163 0.029998
0.137654 0.448018 -0.040524
-0.420881 0.071399 -0.272010
0.113081 -0.058800 0.471395
0.015267 0.479413 0.133077
0.071941 -0.411906 -0.007511
-0.474048 -0.035835 0.033010
-0.370093 -0.102244 0.314685
-0.318497 0.329643 -0.028496
0.224339 0.105016 0.424146
-0.080728 0.379386 0.298364
-0.460366 -0.168727 0.059143
-0.244536 -0.079038 0.378046
0.165279 0.274758 0.301390
-0.401157 -0.056337 -0.222850
0.351567 0.196017 0.284148
-0.206565 -0.044727 0.426874
-0.261023 0.352773 -0.075085
-0.051775 0.473470 -0.028577
0.086529 0.469977 0.066971
0.195068 -0.262314 0.337224
-0.096118 -0.145765 -0.396677
0.421179 -0.066827 -0.082805
0.370369 -0.165107 0.101036
0.272822 -0.079331 -0.303923
-0.007890 -0.334946 0.251752
0.230130 0.291205 -0.169290
0.394246 0.249327 0.169254
0.274634 -0.304861 0.267769
-0.069484 -0.361250 0.317538
-0.229581 0.196478 0.337451
0.061954 -0.287521 -0.317778
-0.312181 -0.280953 -0.180807
0.192062 -0.234667 0.319183
0.369053 0.241739 -0.109619
-0.442632 -0.026429 0.085390
-0.049679 0.252713 0.429518
0.437324 -0.093419 -0.110763
-0.278139 0.323470 0.154472
0.318945 0.253460 0.114317
0.180465 0.346827 0.206889
0.429012 -0.198129 -0.154361
