0.886431 0.062554 -0.004540
0.746641 -0.021436 -0.192855
-0.775086 0.162969 -0.039678
-0.913703 0.165151 -0.142710
-0.865251 -0.125362 0.133095
0.027903 0.008206 0.149283
-0.320246 -0.189060 -0.186063
0.477143 -0.188625 -0.076704
0.253986 -0.188370 -0.082159
-0.670060 0.095110 -0.198823
0.596776 0.142810 -0.008190
0.624499 -0.099762 -0.132338
-0.210813 0.185563 -0.054022
-0.119309 0.127962 -0.101262
0.371297 -0.016834 -0.177508
0.221388 0.008587 -0.060626
0.873347 -0.153172 -0.013020
0.996901 0.197538 0.124775
-0.090820 -0.143165 0.020390
0.538891 -0.197525 0.005251
0.988281 0.081323 0.090933
-0.316948 -0.031015 0.159745
-0.571405 -0.182530 -0.134103
-0.559857 -0.117505 -0.069307
0.812662 0.070658 0.149077
0.583217 0.107920 -0.015407
-0.149641 0.057934 -0.187473
-0.399948 -0.072069 0.134768
-0.985153 -0.119948 0.128072
0.542821 0.065402 -0.193280
-0.546577 0.098928 -0.171069
0.066571 0.051092 -0.075070
0.008706 -0.130350 -0.008713
-0.345579 -0.165698 0.158563
-0.611239 0.056761 0.067033
0.987309 0.164340 -0.037211
0.425916 -0.002605 0.127944
0.414256 0.136234 -0.199082
-0.029688 -0.156816 -0.080692
0.471276 0.200014 0.106173
0.816520 0.187337 0.005075
0.554639 -0.031554 0.055028
0.862364 -0.195939 0.030297
0.906085 0.193772 -0.124705
-0.403329 0.188502 -0.013959
-0.308814 0.032813 -0.099014
0.576222 -0.196370 -0.166052
-0.559110 0.089777 0.100210
0.617167 0.138292 -0.138338
0.356395 -0.174521 0.195608
0.954858 0.197752 -0.140838
-0.290403 -0.182082 0.048349
-0.193699 -0.031323 -0.001859
0.196444 0.061156 0.132711
-0.827593 -0.187808 0.043353
-0.307937 -0.160089 0.120503
0.126212 0.106161 -0.109907
0.798408 0.125336 0.034127
0.931450 -0.191326 0.099023
-0.602521 -0.101847 0.122484
0.663696 -0.094904 0.195330
0.777942 0.016570 0.077314
-0.302772 0.143830 0.064778
-0.523764 0.127464 -0.175130
0.031855 0.198425 0.039385
0.247976 0.193124 0.113672
-0.541116 0.032826 0.015985
0.825871 0.178387 0.103338
0.721926 -0.174657 -0.165864
0.710612 0.084484 -0.116784
-0.616929 0.169100 -0.189157
-0.914591 0.126912 0.048388
0.333382 -0.187970 -0.156589
0.128202 0.074566 0.188257
-0.137373 -0.148201 0.192718
-0.248267 0.045705 -0.061940
-0.423860 0.058560 -0.093258
0.272710 0.168578 0.059542
-0.975075 0.047489 0.198329
0.458230 -0.113554 0.071793
-0.806284 -0.187572 -0.027029
-0.678871 -0.080948 -0.116207
-0.096512 -0.018844 0.193357
-0.961380 -0.053115 -0.193699
-0.368807 0.190492 0.147868
-0.986746 0.129870 -0.059752
-0.173646 0.054758 0.190784
0.531887 0.100086 0.060852
-0.408514 0.137253 -0.016142
0.509172 -0.094174 0.104094
0.080799 -0.131562 0.032216
0.603563 0.023962 -0.005138
-0.385306 -0.106921 0.115063
0.312020 0.093840 0.199744
-0.889550 -0.196953 0.154773
0.858647 -0.126745 -0.174955
0.861894 0.130312 -0.101595
0.968701 0.116842 -0.133412
0.822933 -0.195672 -0.060695
0.496323 0.063989 0.193761
0.026815 -0.016725 -0.197388
-0.210398 -0.067313 -0.080527
0.705592 0.051657 -0.012393
0.403743 -0.136565 -0.118215
0.940426 0.054966 -0.180070
0.529142 -0.047044 -0.095971
-0.751819 0.032435 -0.118886
-0.723600 0.038196 -0.177149
-0.137546 -0.094670 -0.010125
0.547675 0.010593 -0.146708
0.100535 -0.011718 -0.072359
-0.855955 -0.032098 -0.112238
-0.097222 -0.059579 0.197858
0.142254 0.112217 0.184451
0.998907 0.118672 0.111456
0.200820 -0.136131 0.028947
0.322120 0.198114 -0.129435
0.666136 0.058020 0.099660
-0.183742 -0.102485 0.047924
-0.488814 -0.173545 0.181928
-0.991901 -0.120551 0.046098
0.647820 -0.048828 -0.005727
-0.855510 0.011433 0.143959
-0.615249 0.057382 0.016325
-0.725220 0.183583 -0.096980
-0.065606 -0.103298 0.083101
0.746068 0.172774 0.108554
0.553005 -0.095056 0.030292
-0.129398 -0.142591 0.038365
-0.882249 -0.096522 0.171098
0.837236 -0.084299 -0.137471
0.088039 0.019375 -0.061727
-0.612537 -0.115700 -0.115532
0.791080 -0.122156 -0.047977
-0.670852 0.006648 0.049509
0.393144 0.161956 -0.126749
-0.811866 0.020849 0.093746
0.147967 0.127264 -0.136051
-0.333919 0.132934 0.118683
0.507707 0.136284 -0.142655
0.997990 0.154275 0.037802
0.698903 -0.071845 0.090785
0.255581 -0.161547 0.085412
-0.215688 0.043011 0.098307
-0.078805 0.184364 -0.099980
-0.955051 -0.196473 0.121299
-0.966901 0.095115 -0.125807
0.059391 0.124889 0.047192
-0.447194 0.186294 -0.023005
-0.040504 0.007151 -0.034883
-0.530987 -0.005906 -0.150089
0.893186 -0.029543 0.199228
0.028229 0.005978 -0.034634
0.822879 0.060541 0.084343
0.882717 -0.053767 -0.113948
-0.987319 0.015778 0.037995
0.189437 -0.199713 0.127722
0.308577 0.162088 0.104202
-0.674828 0.013155 0.126227
-0.699764 0.152010 -0.186355
-0.889226 -0.104556 -0.038345
0.381571 0.099309 0.049396
0.248281 0.145245 0.131618
-0.234161 -0.188664 0.154699
0.103562 0.133838 -0.086679
-0.955669 0.198855 -0.102012
0.875117 0.090293 0.115560
0.316331 -0.039297 -0.185170
0.374098 -0.016294 0.184487
-0.812372 0.150119 -0.051050
-0.185058 -0.093094 -0.004046
0.281616 -0.000077 -0.151888
0.260458 -0.048018 0.071771
0.895965 -0.136211 0.174535
-0.415091 -0.088117 -0.198475
0.115276 0.035611 -0.036529
0.217121 -0.030027 0.162697
-0.892166 0.093840 0.132345
0.420039 0.194132 0.012001
0.835369 -0.063877 0.042223
0.318169 -0.199771 0.079619
-0.761414 0.087424 -0.192682
0.684892 0.000830 0.169867
-0.878116 0.068829 0.105837
-0.378918 -0.076743 -0.181133
0.327277 0.120619 0.176467
0.401707 -0.056360 0.008522
0.115405 -0.133185 -0.028296
-0.725790 0.108793 0.195092
0.590767 -0.087426 0.004157
-0.436407 -0.179154 0.195689
0.667701 -0.191176 -0.112857
-0.643431 -0.068255 0.046416
0.058627 0.173609 0.184928
0.391707 0.018020 -0.020288
-0.190635 -0.100261 -0.187627
-0.393472 0.191415 0.101935
-0.305876 0.145653 -0.074625
-0.354623 0.091199 0.175405
0.192400 -0.063929 -0.095732
-0.744634 0.120690 0.041300
-0.457282 -0.164236 0.164974
-0.383923 0.014144 0.082524
-0.342687 0.198322 0.166046
0.582094 -0.157036 0.037790
-0.758767 -0.138387 -0.132470
-0.721601 0.180893 0.117113
0.823610 0.154682 0.136024
-0.999314 -0.112733 0.008909
-0.822096 0.090051 -0.096626
0.047647 0.170356 -0.015884
-0.355560 0.169884 -0.035202
-0.572387 0.095249 0.185443
-0.306485 0.199221 -0.029003
0.112540 0.123761 0.084420
-0.943785 0.031948 0.048468
0.551279 0.182893 0.154185
0.019753 -0.157412 0.157822
-0.477300 0.137494 -0.044704
0.844896 0.031764 0.092161
-0.573412 -0.036309 0.169032
-0.625434 0.012855 -0.162847
0.070267 -0.165153 0.037436
0.176046 0.172659 -0.071899
-0.619293 0.146579 0.187942
0.199396 -0.025771 -0.170809
-0.124810 -0.161110 0.082686
0.790479 -0.177634 -0.068539
0.288974 -0.099943 -0.188378
0.166814 0.096761 0.115593
-0.070340 0.151409 -0.014100
-0.265901 -0.009984 -0.023053
0.524312 0.126350 0.103450
0.081590 0.143011 0.070087
0.922280 0.041842 -0.129907
-0.481537 -0.005348 -0.067909
-0.834681 0.135699 -0.134355
0.301794 -0.078560 0.143157
-0.807072 0.097150 -0.130915
-0.444268 -0.019441 0.154168
-0.602575 -0.013136 -0.184481
-0.954057 0.049927 -0.183769
-0.660664 0.050859 0.049230
0.583882 -0.080353 0.161876
-0.331536 0.199297 0.061980
-0.717180 0.196337 0.178626
-0.193639 0.110610 -0.116149
0.475378 -0.014366 0.171354
-0.112379 -0.028015 0.128283
-0.618555 -0.083441 -0.135480
0.649087 0.154938 -0.098684
-0.916758 0.135981 -0.035292
0.692292 0.001359 0.018585
-0.285204 -0.050644 -0.132417
-0.795778 -0.199834 -0.171022
-0.712432 -0.012279 -0.193957
0.114355 0.188193 -0.017610
0.225163 0.146949 0.196904
-0.894401 0.179165 0.162299
-0.409558 -0.176510 0.121715
0.192493 0.199714 -0.171313
-0.514620 0.105217 -0.145161
0.201788 0.035088 -0.194582
-0.644189 -0.034729 -0.079730
0.002175 0.070111 0.122423
-0.493978 -0.033765 -0.100979
-0.363830 0.194736 -0.006272
-0.155570 0.028636 0.042574
-0.530832 0.150617 -0.076257
-0.020323 -0.156908 -0.165095
0.334285 0.156517 -0.011645
-0.135892 0.184208 0.154740
0.670428 -0.072436 0.015065
0.255577 -0.179099 -0.174832
0.662531 0.124016 0.161463
-0.431579 -0.187452 -0.193799
0.774112 0.187481 0.097531
-0.192475 0.081466 -0.093559
-0.998764 -0.167581 -0.010865
-0.718428 -0.147924 0.117807
-0.147889 -0.116738 -0.094587
-0.951300 0.194048 0.182142
0.357836 0.124326 0.097256
-0.318356 0.099299 -0.083117
0.597412 -0.197166 0.149525
-0.569538 -0.093132 0.143936
0.173698 0.145584 -0.028559
0.109075 -0.101209 0.152949
-0.686195 0.026996 0.176950
-0.409499 0.100774 0.005793
0.784558 -0.122191 -0.081132
-0.329873 0.118569 -0.173967
-0.398916 -0.043702 -0.015336
0.742387 0.079600 -0.066644
-0.684540 0.187084 0.157762
-0.028635 -0.108654 -0.011729
0.077202 -0.172916 -0.195200
-0.996624 0.137142 -0.014354
0.223556 -0.004986 -0.167255
0.630632 -0.196772 -0.131225
-0.073259 0.190458 -0.162719
-0.771222 -0.153253 0.135586
0.213268 -0.065407 0.025520
0.008930 0.019485 0.031905
0.779050 0.066170 -0.162324
0.989201 -0.010100 -0.060550
0.594218 -0.145039 -0.128329
-0.719088 -0.095139 0.192597
-0.033253 -0.171437 -0.129694
-0.551018 0.064734 -0.197042
-0.840607 -0.091892 0.146105
-0.469763 -0.139113 0.051311
0.180866 -0.016456 0.091362
-0.813795 -0.155545 -0.067991
-0.576002 0.157215 0.120517
0.817918 0.028575 -0.195562
0.884600 0.194733 0.042106
0.620529 0.139064 -0.181059
-0.237639 0.136817 -0.077059
0.379432 -0.091030 0.010675
0.609872 0.067814 0.108195
0.727129 0.082775 0.040078
0.179192 0.021634 -0.038875
0.412295 -0.180903 0.141944
0.006673 0.123957 0.026393
0.007216 0.012398 -0.099863
-0.970820 0.164167 -0.020714
0.727760 0.012126 -0.195002
0.068365 0.044793 0.162960
-0.495249 0.118916 0.142247
-0.602793 0.025139 0.055086
-0.657212 0.017127 -0.102718
0.499734 -0.103947 -0.198307
-0.845177 -0.089620 0.020961
0.132015 -0.053245 -0.159348
0.411356 0.010585 -0.184320
-0.950383 0.158540 0.085380
-0.318298 0.186060 0.137936
0.226916 0.012522 0.081354
0.327166 0.042152 0.082013
-0.237720 -0.069495 0.067769
0.884925 -0.027909 -0.155661
-0.844089 -0.132447 -0.073862
0.331939 -0.150661 -0.024695
0.565987 0.110081 -0.171762
-0.804066 0.175876 -0.020882
-0.892946 -0.100113 0.110349
-0.108508 -0.037625 -0.032639
0.725351 0.031123 0.180751
-0.426136 0.198716 0.121687
-0.784212 0.127882 0.019531
0.221489 -0.169356 -0.076834
0.054277 -0.064260 -0.133529
-0.001595 0.092347 0.015125
-0.789794 -0.053143 -0.069137
0.029788 -0.191204 -0.184464
0.411230 -0.004107 -0.151089
-0.199132 0.009875 -0.156953
0.426301 0.160457 0.142003
0.957484 -0.192936 -0.130150
-0.548255 0.066671 -0.153039
0.131202 0.003672 0.169595
0.162936 0.066722 0.154440
0.690729 -0.116781 -0.124542
-0.239004 0.193066 -0.199062
0.677104 0.143280 -0.181842
-0.841951 -0.148456 0.169229
-0.853254 -0.159548 -0.030090
-0.517714 0.050389 -0.133249
0.900162 0.130214 -0.164645
-0.126721 0.132268 0.170795
0.383668 0.192102 0.198837
0.966654 -0.144640 -0.169368
0.822539 -0.179654 0.053859
0.856568 -0.156481 -0.068889
-0.201042 -0.160066 0.124872
0.867058 0.161634 -0.156833
0.188557 -0.174226 -0.026680
-0.830188 -0.087589 0.086078
-0.118345 -0.092104 0.133432
0.584450 -0.091722 0.061346
0.580506 0.048546 -0.117843
0.351943 0.115721 -0.184679
-0.961929 -0.113311 0.017177
0.392613 -0.125435 0.192686
-0.599450 -0.147963 -0.190837
0.792884 -0.016373 0.044997
0.052262 0.021827 0.193744
0.349420 -0.114337 0.160975
0.949763 0.185173 0.036102
-0.445030 0.041295 -0.197876
0.662090 -0.111361 0.121824
0.550299 0.199685 0.117431
-0.003496 0.113747 0.197334
-0.620714 0.165032 -0.076998
0.589678 -0.131924 -0.166845
-0.769017 -0.068736 0.120399
0.201873 -0.033765 0.056971
0.825467 -0.112270 0.023172
-0.232633 0.077415 0.085022
0.901139 0.047444 -0.067443
0.742108 0.182818 0.030704
-0.497962 -0.171369 -0.107867
-0.284795 0.112843 -0.059667
-0.381921 0.073281 -0.195423
0.385398 0.036804 -0.083252
-0.208804 0.191735 -0.130945
0.268463 0.082456 -0.038630
-0.281530 0.050004 0.058217
0.488112 -0.097146 -0.025473
0.830768 -0.194718 0.194551
0.539121 -0.084924 -0.109907
-0.590751 -0.102288 -0.158870
0.766987 -0.123577 0.051233
-0.484553 -0.064578 -0.081596
0.302462 -0.173616 -0.143608
0.347413 -0.003360 -0.003628
0.190209 -0.151963 -0.097159
-0.687574 -0.057584 -0.034057
-0.227608 0.067351 -0.184507
-0.815971 -0.127002 -0.114461
-0.892748 -0.090389 -0.072949
0.508218 0.086535 -0.060621
-0.669871 0.081471 0.141638
-0.705200 0.155871 -0.143796
-0.686713 -0.181571 -0.011604
0.267763 0.198375 -0.072844
0.509261 0.052245 -0.105699
0.111760 0.198684 -0.095311
0.147391 -0.088664 -0.073717
-0.446535 0.068797 -0.167215
-0.937003 0.162934 0.167386
-0.304419 -0.016909 -0.017742
0.506151 -0.141454 -0.194790
-0.453702 0.191535 0.132846
0.791853 -0.053377 0.047058
0.121215 -0.143645 0.137688
-0.634767 -0.027488 0.108383
0.701121 -0.149541 0.143549
0.672625 0.121226 -0.007927
0.085633 -0.128510 -0.052189
0.594208 0.102388 0.161339
-0.438599 0.172156 0.185576
0.639645 0.185723 -0.198598
-0.641765 0.135960 0.067037
-0.392881 -0.138024 0.116063
0.583455 -0.054070 0.058233
0.042545 -0.155331 -0.014889
0.733868 -0.057730 -0.072433
0.482799 0.104063 0.095021
0.643668 -0.021219 -0.149648
0.365986 -0.018191 -0.120830
-0.208815 0.097161 -0.059536
-0.398526 0.041750 -0.118043
-0.603929 0.142549 -0.152472
-0.580979 -0.025686 0.080654
0.831929 0.033583 0.119823
-0.927397 -0.081206 0.013367
-0.052686 0.113972 0.183677
0.685535 -0.107012 0.057304
0.179056 0.170619 -0.143307
-0.894377 0.009570 0.154419
-0.270553 0.119768 -0.008256
-0.733398 -0.066746 0.158042
0.749458 -0.160864 0.098550
-0.222525 -0.012670 0.127384
0.743771 0.059229 -0.136879
0.832360 0.050465 -0.168284
-0.822139 -0.120361 -0.051054
0.908170 -0.192847 -0.069740
-0.837993 0.065994 0.134186
-0.200775 -0.117030 -0.025479
0.580284 -0.013543 0.015727
-0.197308 0.078173 0.134309
-0.883556 0.137035 0.189782
0.224271 -0.012079 0.079214
-0.197493 0.118792 -0.089657
-0.782497 -0.113673 -0.101739
-0.805648 0.009046 0.021044
-0.685624 -0.113965 0.013983
0.756956 0.116489 0.013656
0.227592 -0.071792 0.076630
0.887702 -0.123495 -0.052776
-0.101101 -0.191481 -0.100250
0.409605 0.158185 -0.158210
0.155479 0.071897 -0.156846
0.648814 -0.195542 0.001969
0.033934 -0.045358 0.009947
0.056733 0.026861 0.081565
0.963048 0.012647 -0.198826
-0.414794 0.012947 0.083424
-0.877307 0.161507 0.003278
-0.082458 -0.175234 -0.144069
-0.023288 0.039369 -0.127163
-0.868393 -0.199976 0.023105
0.852266 0.197068 0.041955
-0.946135 -0.170263 0.083516
0.419326 0.071446 0.106598
0.859485 -0.157941 -0.122156
-0.405277 -0.007945 0.114255
-0.629587 0.062018 -0.122194
-0.470807 -0.051413 0.101080
-0.163406 0.128314 -0.178265
0.660096 0.083082 -0.047515
-0.277705 0.099962 0.198437
-0.471226 0.108507 0.058043
0.477518 0.046691 -0.048707
-0.746669 -0.165422 0.147820
-0.391046 0.027576 -0.075101
0.621475 0.087855 0.160454
-0.983419 -0.135798 0.078583
-0.723684 0.068435 0.096783
-0.095544 0.105506 0.164574
0.687995 0.007217 -0.070064
0.454361 0.012689 -0.134659
0.789429 0.174065 -0.145134
0.935334 0.060140 -0.047145
0.816154 0.104680 -0.198842
-0.120200 -0.141640 -0.021101
-0.866707 0.157706 0.118787
-0.009745 -0.157502 0.070736
0.735884 0.199067 -0.068269
0.899331 -0.135353 -0.181159
-0.215496 0.151282 0.075970
0.447088 -0.196848 -0.125579
-0.594407 0.172894 0.013985
0.062488 0.062215 0.072497
0.274352 -0.057119 -0.049830
0.563629 0.025097 0.144802
0.886692 0.160526 -0.124789
0.285732 0.155323 0.143550
0.804862 0.120561 -0.105213
0.332072 0.039029 -0.161840
-0.217180 -0.090192 -0.032915
-0.513103 -0.030912 -0.056737
-0.015108 0.154682 0.073686
-0.955137 -0.083088 0.134341
0.721768 -0.064522 0.123259
-0.626455 -0.180364 0.017780
0.986080 -0.189882 -0.189109
0.598270 -0.128568 0.077215
-0.243506 -0.046821 -0.146618
0.016541 0.076109 -0.162320
0.995932 -0.103771 0.093856
-0.989531 0.081960 0.184082
0.502305 0.016371 0.143425
0.550056 -0.126611 0.055628
-0.800318 0.188050 0.198223
-0.021380 -0.181043 -0.083151
-0.776946 0.049508 0.034914
0.202687 0.075231 0.165935
-0.708009 0.163282 0.067221
0.610891 0.187920 0.075010
0.860006 -0.083981 0.154158
-0.990320 0.013045 0.195040
-0.319228 -0.095182 0.014568
-0.956537 0.160788 -0.173360
-0.879175 0.036421 0.037161
0.455780 -0.022056 -0.028593
-0.446353 0.014011 0.185854
-0.881101 -0.154034 0.161065
0.315692 -0.037651 -0.059670
0.544330 0.031598 0.191674
0.604277 0.133873 -0.032842
0.385190 -0.170611 0.035873
-0.044436 0.012480 -0.103728
0.540960 -0.021216 0.186879
-0.105198 0.018099 -0.054230
-0.923314 0.073139 -0.160016
-0.830457 0.187932 0.075060
-0.808800 -0.011592 0.177265
0.995762 0.060253 -0.098264
0.785193 0.027495 0.050479
0.809313 -0.151872 0.165201
-0.364151 0.027897 0.046564
0.037477 -0.017341 -0.067826
-0.917646 0.101049 -0.194235
0.180860 0.167242 -0.183839
0.678626 0.005559 -0.148964
0.819966 0.009183 -0.162580
0.062277 -0.023425 0.192825
-0.772965 -0.176119 0.160769
-0.295703 0.041168 0.163073
-0.980143 -0.008414 0.096204
-0.475998 -0.009771 0.108161
0.950539 0.161060 -0.098638
0.883018 -0.152352 0.132090
0.112448 0.112969 -0.052666
0.439270 0.110406 0.110190
-0.676407 -0.154838 -0.186132
0.766334 -0.199819 -0.077777
-0.913255 -0.184630 -0.179639
-0.803476 -0.030456 -0.086277
-0.461079 0.087840 -0.036334
0.187290 -0.074718 -0.056738
-0.696285 -0.099084 0.112401
-0.021870 -0.072914 0.113049
-0.684746 -0.061121 -0.196929
-0.981915 0.130947 -0.105555
-0.569169 0.117289 -0.105241
0.022141 0.011781 -0.072416
-0.732618 -0.115870 0.089387
-0.522113 -0.002374 0.045577
-0.083115 0.187647 0.120375
0.129853 -0.060237 0.071194
0.109345 -0.153606 -0.089642
0.993083 -0.136667 -0.145057
-0.574071 0.055451 0.098134
-0.190464 -0.157174 -0.024761
-0.072956 0.024144 -0.135442
0.446617 -0.045033 -0.196460
-0.491308 -0.104829 -0.058637
-0.008242 0.155844 0.183383
-0.951732 0.065956 0.022148
-0.114047 0.019622 -0.194726
-0.273958 -0.049210 -0.034184
0.374991 -0.065083 0.145079
0.334814 0.093912 0.010807
-0.887631 -0.137181 -0.020945
-0.985937 -0.035500 -0.153194
0.790058 0.120930 -0.026082
-0.385240 0.139958 -0.106435
-0.527188 -0.061560 0.142227
0.055203 0.117439 -0.139342
-0.597893 -0.145384 0.114470
0.196217 0.110283 -0.058857
-0.578215 0.012927 -0.078314
0.072521 -0.031141 0.040352
0.725100 0.141689 0.090144
0.508197 0.176933 -0.020372
-0.304081 0.160179 0.026861
0.281606 -0.093023 0.043222
-0.386139 0.048017 0.017018
0.118295 0.111806 -0.194111
-0.280509 -0.089651 -0.132340
-0.489640 0.060457 0.076586
-0.790422 0.082313 0.177620
0.772977 -0.053833 -0.181965
0.360635 -0.165193 -0.125262
-0.443387 0.033175 -0.145012
0.274571 -0.198237 -0.114950
0.048341 0.015955 0.117002
-0.229058 0.109482 0.181985
0.061727 0.135150 0.161434
-0.791375 0.182401 0.023602
-0.957047 0.021914 -0.093828
0.992100 -0.083527 0.150789
-0.041379 0.168639 0.118872
-0.770775 -0.060320 -0.115120
-0.475692 0.116894 -0.075953
0.123526 0.037587 0.180182
0.911575 0.155733 0.024952
-0.491014 0.058638 -0.037762
0.942964 0.010801 0.127246
-0.052526 -0.052142 -0.199049
0.881675 0.029108 -0.019543
-0.134780 -0.198653 0.089986
-0.034623 -0.178361 0.065460
0.074829 0.097358 0.175781
-0.578020 -0.163210 -0.015213
-0.342122 -0.054987 0.061288
0.690480 -0.194961 -0.067859
-0.517040 0.075765 -0.189500
-0.117472 -0.135419 0.097611
0.083066 -0.167777 -0.009932
0.219582 0.017072 0.119900
-0.244638 0.155432 -0.016210
-0.169543 0.195525 -0.032534
0.226652 -0.000940 -0.096610
-0.643714 0.061243 -0.089439
-0.841746 0.033462 -0.193828
-0.226779 0.030890 -0.199541
0.555765 -0.135956 0.016231
0.849063 -0.002780 -0.135085
-0.306569 0.098376 -0.144936
-0.109757 0.028033 -0.018689
-0.891878 -0.039426 0.042444
0.582759 0.002325 -0.130703
-0.234162 0.000308 -0.042964
-0.802978 0.146231 0.055013
0.922828 0.165558 0.172929
-0.046427 -0.089723 -0.055128
-0.880851 0.037394 -0.165755
0.883714 -0.148550 0.041352
0.365376 0.199500 0.140420
0.798184 -0.155403 -0.033367
-0.451667 0.000223 0.027349
0.778845 0.088881 0.062659
0.415225 -0.004726 0.085768
0.128436 -0.195843 -0.180991
-0.655727 -0.164783 -0.046823
-0.610778 0.050690 0.174798
0.725529 -0.199413 -0.044501
0.816850 -0.137236 -0.085597
0.875414 0.084316 -0.091659
-0.189354 -0.160043 -0.114127
0.502577 0.101294 0.001401
0.387202 0.160928 -0.080517
-0.614184 -0.197057 -0.097325
0.795240 -0.187878 -0.123022
0.728025 -0.027828 -0.075320
-0.916372 0.036581 0.192251
0.447728 -0.014067 0.100912
0.169130 0.013071 -0.094302
-0.450101 0.120714 -0.050988
0.488258 -0.122875 -0.130296
0.162272 0.122211 0.014510
0.210943 -0.131042 0.132089
-0.459977 0.160006 -0.151812
-0.015051 0.100755 -0.173674
0.937148 0.193766 -0.115244
0.433024 -0.198303 0.104591
-0.411648 0.058612 -0.174244
0.185647 0.105633 0.082108
-0.219674 0.045535 -0.099825
0.069106 -0.113976 0.145230
-0.010991 -0.055434 0.166988
0.521630 -0.047769 -0.134036
0.257183 0.052593 -0.112226
0.519887 -0.114364 0.194202
-0.507042 -0.131342 -0.035576
-0.509113 0.093342 0.062103
-0.861018 0.136704 0.087664
0.451135 -0.083125 0.026159
0.136174 0.033123 0.149307
-0.447691 0.062805 0.040076
0.156198 -0.026119 0.185708
0.871154 0.191681 0.105277
0.427327 -0.141012 -0.084003
-0.855341 0.194347 -0.048843
-0.998521 0.097898 -0.080079
-0.561499 0.117367 -0.011229
0.994779 -0.080253 -0.076190
0.804906 0.117939 0.134848
-0.158571 -0.051282 -0.024729
-0.025030 -0.012037 -0.099405
-0.933707 -0.160461 -0.160229
0.534361 -0.183142 0.141631
0.186388 0.157755 0.077911
0.940823 -0.074227 0.017915
-0.853421 -0.098278 0.088013
0.227146 -0.034390 -0.118986
-0.747198 0.170713 0.074936
0.235057 0.171002 0.080420
-0.592442 0.053093 -0.012582
-0.244257 -0.067814 -0.180253
0.428815 -0.096388 0.153196
-0.583489 0.081550 -0.184448
-0.966479 -0.106306 0.158697
-0.296661 0.182024 -0.114734
-0.601281 -0.134558 -0.143452
-0.705585 -0.087608 -0.157167
-0.983116 -0.075632 -0.165528
0.139040 -0.058511 0.132308
0.950403 -0.159506 0.162733
-0.455965 -0.062536 0.060569
0.104710 0.084043 0.094792
0.190141 0.053119 0.053191
0.379399 -0.176390 -0.001267
-0.639256 -0.121404 0.092119
0.168838 -0.111827 -0.048100
0.503550 -0.155892 -0.116603
0.318739 0.058502 -0.027036
0.016775 0.064202 0.053622
0.853347 -0.196160 -0.129305
-0.356695 -0.149932 -0.117289
0.065832 0.034620 0.046094
0.560602 0.075193 0.044746
-0.788062 0.024018 0.093296
-0.153830 -0.188493 -0.102249
0.051987 -0.116615 -0.001620
-0.880643 -0.199780 -0.194743
-0.948189 -0.066946 -0.146096
-0.632311 -0.072061 -0.090086
0.063024 0.102264 0.127103
0.368961 0.180291 -0.197631
-0.680748 0.187857 0.087093
0.207947 0.185234 0.194719
0.979670 -0.065251 -0.170957
-0.022848 0.004226 0.115037
0.688563 0.048013 0.167154
0.551094 0.095762 0.002405
-0.896930 -0.127863 -0.068475
0.012752 0.021466 -0.195274
0.031245 0.099021 0.190176
-0.468260 -0.117214 0.004453
-0.264752 -0.090355 0.030514
0.351995 -0.116948 -0.029145
0.627063 -0.165769 -0.064259
0.871043 0.116602 -0.020170
-0.816078 -0.082951 -0.006493
-0.047876 -0.071781 0.198860
-0.245581 0.190739 -0.026758
-0.006827 0.096606 -0.052830
0.393531 0.009168 -0.067330
0.735305 0.132852 -0.079331
0.856273 -0.051919 -0.028985
-0.310358 -0.189382 0.018621
-0.935947 -0.190132 0.003146
-0.174811 0.069125 0.085713
0.718863 -0.118895 0.131019
-0.867103 0.040051 -0.125197
0.036313 0.198060 0.008201
0.023923 -0.167866 -0.137749
-0.018308 -0.185881 -0.034903
-0.353157 -0.179915 -0.120708
0.896333 0.115539 -0.199526
-0.671709 0.196653 0.039159
-0.647239 -0.061683 -0.046218
0.309313 0.174759 0.072281
-0.215391 0.096627 -0.030809
-0.317931 -0.086757 0.181446
0.998375 0.037013 -0.039155
-0.749089 -0.127156 -0.032398
0.525378 0.050579 0.164961
-0.929970 -0.061799 0.111371
-0.271926 0.178555 0.003927
0.137072 0.006988 -0.121583
-0.446491 0.170075 0.062627
-0.512691 0.128519 0.191106
-0.678877 0.119949 0.028301
0.321013 0.008670 0.193543
0.603795 -0.042443 0.182405
0.750292 -0.126281 0.111570
0.453258 -0.170090 -0.158525
0.849813 -0.020700 -0.162716
0.710633 -0.025888 0.114085
-0.410733 -0.154286 -0.013073
0.308840 -0.100173 -0.084606
-0.645656 0.183191 0.075605
0.911143 -0.067455 -0.154015
0.921613 -0.108159 -0.054092
-0.632549 0.123896 0.096915
-0.315716 -0.135077 -0.118210
-0.310300 0.065341 0.109976
-0.110509 0.191140 0.091492
0.854011 0.015251 0.057939
0.127149 0.159000 -0.195282
0.757316 -0.102973 -0.107450
-0.155374 0.023036 0.199356
0.087435 0.067646 0.141649
-0.511300 -0.150906 -0.178022
-0.476035 -0.156673 -0.190873
0.471479 0.173273 -0.189873
0.678409 0.197290 0.013094
-0.998420 -0.195434 0.190489
0.215297 -0.131811 -0.017858
0.791388 -0.095436 0.098609
0.616996 0.076823 0.033348
-0.494330 0.196154 -0.108586
0.191781 0.046964 0.188322
-0.331928 0.183075 -0.113013
-0.589997 -0.169216 0.028690
-0.744955 0.093492 -0.033753
0.620035 -0.113473 -0.000570
0.416694 -0.184067 -0.104481
0.255066 0.069826 0.194849
0.953445 0.155313 0.191232
0.591794 0.188247 -0.159670
-0.264494 -0.033346 0.178367
0.588839 -0.103502 -0.192801
-0.642798 -0.097373 0.171387
0.587551 0.026902 0.189331
-0.854872 0.013330 0.187890
-0.997845 0.187055 -0.186177
0.623751 0.187912 0.049864
-0.134734 0.051232 0.186591
0.506695 0.151737 0.192010
-0.332372 0.143940 -0.052480
-0.841420 -0.197687 -0.032514
0.831379 -0.196540 -0.109926
-0.283035 -0.127291 -0.168017
-0.989356 -0.042051 0.075585
-0.232391 0.095329 -0.093230
-0.781780 -0.056627 0.002854
-0.097983 0.098134 -0.158857
-0.045145 0.146986 0.187874
-0.892285 0.198814 -0.033804
-0.099755 0.139618 -0.161535
-0.244221 0.158231 0.020239
-0.724963 -0.131197 -0.030980
0.747556 0.034005 0.051677
-0.227735 -0.139215 -0.198558
-0.014829 -0.008618 0.138581
-0.362617 -0.049197 0.193141
-0.994812 0.053228 0.103554
0.880430 0.006751 -0.134293
-0.839805 0.118029 0.050374
0.724234 -0.169685 -0.018034
0.659340 -0.184916 0.046944
0.630329 0.037406 0.093491
0.855947 0.073432 -0.138649
0.220115 0.111131 0.187374
0.012241 -0.059914 0.112918
-0.126632 0.057582 0.096006
-0.226671 0.016482 0.051296
0.374507 0.191453 0.110950
0.261606 0.146289 -0.165748
0.481683 -0.030553 -0.147969
-0.641400 -0.018482 -0.169358
0.209983 -0.144610 -0.183728
0.896513 -0.030485 -0.179520
-0.457596 0.120227 0.127572
0.799839 -0.082587 0.072736
0.351739 -0.049200 -0.187903
-0.579343 0.129391 0.057379
0.272519 -0.095709 -0.076265
-0.132370 0.072436 -0.004856
0.383799 0.033625 0.012768
0.341681 -0.009034 0.109102
0.860640 -0.080770 0.074576
-0.017144 0.142384 -0.037295
0.834955 -0.064851 0.133412
-0.710381 0.118586 -0.136635
-0.464715 0.060841 -0.084387
0.719890 0.050215 -0.167949
-0.488670 -0.108345 0.104242
-0.993191 -0.185098 -0.177227
-0.828095 -0.015771 -0.134636
0.883768 0.058157 0.137108
0.949161 0.046844 0.121665
0.878070 -0.062882 -0.173173
0.069867 -0.199984 0.112423
-0.503501 0.009381 -0.041288
-0.382166 0.156707 -0.196343
-0.328424 0.075259 0.030649
-0.929695 0.160088 0.052822
-0.898464 -0.186107 0.094298
0.927187 -0.184206 0.034877
-0.464386 -0.027012 0.190469
0.154086 -0.182125 0.100172
-0.745263 -0.169040 0.053431
-0.536311 0.120201 -0.007986
-0.641764 0.156932 0.032594
-0.920419 -0.102350 0.109121
0.127130 -0.172253 0.018239
0.553524 0.180087 -0.158859
0.808495 0.047882 0.119541
0.926953 -0.137704 -0.056278
0.557927 0.163913 0.058959
-0.886201 0.114746 0.102931
-0.888610 0.103931 0.158728
-0.167998 -0.022563 0.055380
-0.164912 -0.097120 0.144808
0.021269 0.197362 0.173506
0.455487 0.006040 -0.077264
-0.991873 0.070690 0.007961
0.581303 -0.090487 0.106408
-0.413236 0.025814 0.166933
0.121294 0.102321 0.012810
-0.962125 0.105035 -0.085922
0.620056 -0.115186 0.040243
0.979158 0.045214 0.078871
0.553879 -0.103209 -0.070674
0.959604 0.138200 -0.182738
0.557226 -0.074899 -0.017498
-0.117040 -0.143584 -0.168368
0.126234 0.049580 0.116004
-0.600432 -0.190675 0.193838
-0.594374 0.193334 -0.018078
0.420318 0.162292 -0.075667
-0.539126 -0.041192 0.193954
-0.986587 0.121071 0.181707
-0.786669 -0.119134 0.040262
0.434509 -0.116496 0.188781
0.066712 -0.122662 -0.173275
0.095532 0.146107 -0.128906
0.442456 0.150620 -0.169861
0.686169 0.060677 -0.071786
-0.639394 0.085030 -0.167862
0.036537 -0.074139 0.046287
0.208617 0.146290 0.111211
0.950093 -0.004436 0.079307
0.305675 -0.131335 -0.168147
0.854661 0.081123 0.002641
-0.925990 0.165575 0.022050
-0.039215 -0.085764 -0.105595
0.165498 0.192114 0.098026
-0.112643 -0.027854 -0.095454
0.028698 0.005646 -0.159676
0.524806 -0.117571 0.082474
-0.537974 -0.112462 -0.127472
0.759952 -0.002065 0.052363
-0.957324 -0.045571 0.137030
-0.276411 0.167691 -0.087688
0.029360 0.047137 -0.057428
0.056002 -0.077241 -0.092159
0.621171 -0.175855 0.187728
-0.392759 0.131963 0.032155
0.414968 -0.165938 -0.009512
-0.049184 -0.141080 0.083107
-0.716134 -0.161027 -0.001543
0.053438 -0.196265 0.162898
-0.659448 0.101798 0.052859
0.660682 0.011626 0.092027
-0.369855 -0.156899 0.159313
-0.244189 0.041476 -0.158447
0.117336 -0.118750 0.010651
-0.694178 -0.198634 0.199716
-0.326800 0.195962 -0.062729
